Sample	Group	CH4_Conc	CH4_Flux	OM	DIC_Flux	O2_Cons	Macrofauna	Meiofauna
Unmanip_1	Unmanip	0.8	11.8	15.5	910.8	-1121.4	0.000000	43.50000
Unmanip_2	Unmanip	2.9	12.4	17.4	745.1	-1250.7	0.000000	22.66670
Unmanip_3	Unmanip	4.9	31.6	16.7	784.5	-1100.8	0.000000	28.37500
Unmanip_4	Unmanip	3.8	200.3	19.3	1340.4	-1745.6	0.266000	13.60000
Unmanip_5	Unmanip	1.3	35.9	15.4	734	-986.2	0.193100	33.80000
Unmanip_6	Unmanip	0.7	NA	NA	NA	NA	0.000000	NA
Unmanip_7	Unmanip	1.5	141.1	16.6	1117.4	-1417.6	0.006100	19.28570
Unmanip_8	Unmanip	3.7	10.5	16.8	345.8	-527.4	0.000000	21.40000
HM_1	HM	5.1	135.9	14.8	1095.5	-1441.1	0.566800	13.00000
HM_2	HM	3.2	3.5	16.4	1507	-1079	0.000000	28.50000
HM_3	HM	1.8	91.8	16.6	1725.3	-1232.7	0.000000	17.57140
HM_4	HM	21.7	4.9	15.8	726.6	-974	0.000000	23.00000
HM_5	HM	0.8	19.4	15.7	609.5	-871.3	0.000000	9.85710
HM_6	HM	3.6	40	17.1	1350.4	-1397.8	0.000000	16.00000
HM_7	HM	1	6.4	15.9	594.7	-1115.2	0.000000	13.00000
HM_8	HM	11.1	NA	NA	NA	NA	0.000000	NA
HMM_1	HMM	4.2	173	15.6	1873.2	-1300.8	0.260000	14.60000
HMM_2	HMM	6.3	57.4	15.6	312.1	-922.2	0.216000	24.33330
HMM_3	HMM	1.9	37.6	14.9	711.2	-1297.6	0.166300	19.00000
HMM_4	HMM	2.2	NA	NA	NA	NA	0.000000	NA
HMM_5	HMM	0.8	121.8	16.3	1837.9	-3000.6	1.047400	30.33330
HMM_6	HMM	2.7	NA	15.5	NA	NA	0.238700	10.33330
HMM_7	HMM	2.5	108.2	16.9	1079.6	-1612.2	0.203900	40.40000
HMM_8	HMM	0.6	94.2	18.3	1296.4	-1483.1	0.178400	10.80000
LM_1	LM	0.8	29.7	4.5	NA	-1300.9	0.001100	2.25000
LM_2	LM	2.5	32.5	15.8	1770.8	-1172.8	0.000000	7.00000
LM_3	LM	5.2	45.9	2.6	522.6	-638.3	0.000000	5.25000
LM_4	LM	3.8	NA	5.5	NA	NA	0.000000	NA
LM_5	LM	0.7	1.6	9.3	660.4	-1135.5	0.000000	5.50000
LM_6	LM	3.8	9.9	17.9	592.7	-826.3	0.000000	4.62500
LM_7	LM	1.2	69	2.3	834.7	-1276.9	0.000000	3.00000
LM_8	LM	1.1	0.3	12.8	757.9	-951.7	0.000000	4.33330