Genome	Unmanip_1	Unmanip_2	Unmanip_3	Unmanip_4	Unmanip_5	Unmanip_6	Unmanip_7	Unmanip_8	HM_1	HM_2	HM_3	HM_4	HM_5	HM_6	HM_7	HM_8	HMM_1	HMM_2	HMM_3	HMM_4	HMM_5	HMM_6	HMM_7	HMM_8	LM_2	LM_3	LM_4	LM_5	LM_6	LM_7	LM_8
Yueviridae_1	72532	70774	61731	77978	62333	74712	64661	69065	56628	59578	72123	86481	60600	79914	61618	68626	86691	73634	62203	87521	73060	84704	70024	72182	69587	68147	81213	72824	80206	94370	82694
Narnaviridae_cropped_2	15530	19557	17999	26058	8545	12445	15801	10864	32321	39541	36996	13706	30119	33897	27957	62003	27484	6181	18871	16493	19045	34755	31117	28246	15786	40516	32455	16416	10319	19721	22585
Dicistroviridae_3	3166	4675	3838	4421	3603	4820	3821	3820	2929	3367	3179	5006	3227	4016	3586	3213	4673	4534	3028	5577	4309	4792	3384	4215	3786	3786	5400	5193	5190	4873	4213
Dicistroviridae_4	890	916	852	681	1014	742	701	732	872	583	1018	578	679	774	1036	471	608	897	817	980	690	1160	850	898	894	922	887	765	707	1066	1067
Nodaviridae_5	159	130	157	148	119	63	142	105	115	96	175	120	102	83	154	68	155	240	181	285	94	349	225	209	205	114	129	126	204	190	186
Nodaviridae_6	110	71	109	94	73	36	88	59	69	58	111	79	62	46	93	45	93	143	113	173	60	203	137	119	124	74	81	77	125	119	115
Iflaviridae_7	35	37	39	36	37	22	40	29	27	25	36	26	22	26	34	15	32	50	37	53	20	71	49	45	43	28	35	27	38	46	41
Iflaviridae_8	20	29	42	31	26	24	25	30	16	18	27	19	18	19	27	14	27	38	29	49	14	66	42	39	33	13	30	19	42	42	31
Iflaviridae_9	17	20	19	20	19	11	20	17	16	15	19	14	10	10	16	11	18	26	18	31	10	36	27	23	24	15	17	13	22	22	23
Narnaviridae_cropped_10	10	10	10	11	15	6	14	8	7	11	10	9	6	10	7	5	9	17	11	13	7	26	13	13	11	9	14	9	14	14	13
Iflaviridae_11	9	10	8	8	8	6	9	8	7	7	11	5	5	6	7	5	7	11	10	10	6	15	13	11	10	8	9	8	14	10	10
Dicistroviridae_12	8	8	12	9	7	0	10	8	6	5	9	7	5	4	9	0	7	14	10	15	5	22	13	11	12	6	7	7	13	11	9
Iflaviridae_13	9	10	7	7	7	5	8	7	6	7	9	6	5	7	6	0	10	12	9	15	6	16	12	11	12	6	9	10	12	11	11
Narnaviridae_cropped_14	9	15	8	0	17	0	19	16	6	0	8	8	0	0	6	0	8	14	10	11	0	7	9	12	15	8	13	0	10	9	9
Iflaviridae_15	7	10	11	7	11	0	13	7	0	4	10	6	0	6	9	5	9	10	6	14	5	14	11	11	9	5	8	5	8	10	10
Weivirus_cropped_16	7	9	9	6	10	5	10	7	6	6	6	0	6	5	7	0	7	7	5	10	0	12	9	8	7	6	7	5	10	8	5
Tombusviridae_17	6	6	6	5	8	0	7	5	4	0	6	8	0	0	6	0	7	11	6	11	0	10	9	8	8	5	4	0	7	9	7
Dicistroviridae_18	6	6	7	5	5	0	6	5	0	0	6	4	0	0	5	0	5	8	6	9	0	13	8	7	7	4	4	5	8	7	7
Dicistroviridae_19	5	5	7	5	5	0	6	4	0	0	6	0	0	0	6	0	5	8	6	9	0	13	8	6	8	0	4	5	8	7	7
Nodaviridae_20	6	6	6	5	6	0	9	5	4	0	6	0	4	0	5	0	0	9	5	10	0	7	8	8	6	0	0	5	8	4	5
Dicistroviridae_21	5	6	7	6	4	0	6	5	0	0	6	4	0	0	5	0	0	8	6	9	0	13	8	6	7	0	0	4	7	7	6
Dicistroviridae_22	5	5	6	5	0	4	4	5	0	0	6	0	5	5	5	0	5	7	7	8	0	10	7	4	4	0	5	5	5	6	6
Dicistroviridae_23	5	5	7	4	5	0	5	4	0	0	5	4	0	0	5	0	4	8	6	9	0	12	7	6	7	0	4	5	7	6	6
Dicistroviridae_24	5	5	5	0	6	0	6	5	0	0	5	0	0	0	4	0	0	9	5	7	0	18	7	6	6	0	4	4	6	4	8
Weivirus_cropped_25	6	5	9	6	6	0	5	5	0	0	4	0	0	0	6	0	5	6	5	8	0	10	6	5	7	5	0	0	5	6	5
Dicistroviridae_26	5	5	7	5	5	0	6	0	0	0	5	0	0	0	5	0	0	8	6	9	0	12	7	7	8	4	0	0	7	7	5
Picornaviridae_27	0	8	9	9	0	0	7	0	0	0	11	0	0	0	9	0	5	0	0	5	4	12	8	11	6	5	0	5	0	0	0
Dicistroviridae_28	5	5	7	0	4	0	5	0	0	0	4	0	0	0	4	0	0	8	6	9	0	11	7	7	7	0	0	4	7	6	6
Nodaviridae_29	0	5	5	0	4	0	4	5	0	4	4	0	0	0	0	0	0	6	5	9	0	15	8	7	5	0	0	5	7	7	5
Tombusviridae_30	4	0	0	0	4	0	6	4	0	0	0	4	0	0	5	0	6	8	0	8	0	11	6	8	4	4	0	0	7	6	6
Dicistroviridae_31	0	0	7	4	4	0	5	0	0	0	5	0	0	0	4	0	0	7	5	8	0	11	7	5	6	0	0	0	6	6	6
Nodaviridae_32	5	0	5	0	0	0	0	0	0	0	5	0	4	0	0	0	0	7	5	8	0	13	7	7	5	0	0	4	7	7	6
Nodaviridae_33	0	0	6	0	0	0	5	0	0	0	5	0	0	0	5	0	0	6	5	7	4	12	7	5	5	0	0	4	7	6	5
Iflaviridae_34	0	4	4	5	6	0	0	6	0	0	5	0	0	0	6	0	0	4	0	0	0	5	5	5	5	0	7	0	0	9	6
Narnaviridae_cropped_35	4	0	8	24	7	0	7	0	0	0	0	0	0	0	0	0	0	0	9	0	0	5	0	0	5	0	0	0	0	5	5
Nodaviridae_36	0	0	4	0	0	0	4	0	5	0	5	0	0	0	4	0	0	7	6	5	0	9	0	0	5	0	0	5	6	4	0
Dicistroviridae_37	6	4	0	5	6	0	4	0	0	0	4	0	0	0	0	0	0	7	5	4	0	9	0	6	0	0	0	0	4	5	0
Narnaviridae_cropped_38	0	8	5	13	5	0	8	4	0	0	0	0	0	0	0	4	0	0	10	0	0	12	0	0	0	0	0	0	0	0	0
Nodaviridae_39	4	0	0	5	0	0	0	0	0	0	5	0	4	0	6	0	0	0	5	7	0	6	5	5	6	0	0	0	0	0	0
Nodaviridae_40	0	0	11	4	0	0	0	0	0	0	6	0	0	0	4	0	0	5	0	7	0	9	0	0	5	0	0	0	5	0	0
Tombusviridae_41	0	0	0	0	0	4	5	0	0	0	0	0	0	0	0	0	0	4	6	5	0	10	5	6	0	0	0	0	6	0	5
Dicistroviridae_42	5	0	4	0	4	0	0	4	0	0	0	0	0	0	0	0	0	5	0	6	0	12	6	0	0	0	0	0	5	0	4
Weivirus_cropped_43	0	5	6	0	0	0	0	0	0	0	0	0	0	0	4	0	4	4	4	6	0	6	5	0	5	0	0	0	5	0	0
Nodaviridae_44	0	0	5	0	0	0	0	0	0	0	0	0	0	0	0	0	0	6	4	7	0	5	0	5	5	0	4	0	4	0	5
Nodaviridae_45	0	0	0	4	6	0	0	0	0	0	0	0	0	0	0	0	0	4	0	6	0	7	5	0	5	0	0	0	5	4	0
Tombusviridae_46	0	0	6	0	0	0	0	0	0	0	0	0	0	0	0	0	5	0	0	8	0	0	0	5	0	0	5	0	0	6	7
Dicistroviridae_47	0	0	0	0	0	0	5	0	0	0	0	0	0	0	0	0	0	6	0	4	0	13	4	0	4	0	0	0	5	0	0
Nodaviridae_48	0	0	0	0	0	0	0	0	0	0	0	0	0	0	0	0	0	4	0	5	0	10	0	0	5	0	0	0	5	4	0
Dicistroviridae_49	0	0	0	0	0	0	6	0	0	0	0	0	0	0	0	0	0	5	0	5	0	9	5	4	0	0	0	0	0	0	0
Qinviridae_50	7	0	5	0	0	4	0	0	0	0	0	0	0	0	0	0	0	6	0	6	0	0	0	0	0	0	0	0	0	5	0
Narnaviridae_cropped_51	0	0	0	0	0	0	0	0	0	0	0	0	0	0	0	0	0	4	0	5	0	5	4	5	0	0	5	0	0	4	0
Nodaviridae_52	0	0	6	0	0	0	5	0	0	0	0	0	0	0	0	0	0	0	0	6	0	8	0	0	5	0	0	0	0	0	0
Iflaviridae_53	0	0	0	0	0	0	0	0	0	0	0	0	0	0	0	0	0	4	0	0	0	6	4	4	0	0	0	0	0	6	4
Nodaviridae_54	0	0	0	0	0	0	0	7	0	0	0	0	0	0	0	0	4	0	0	0	0	18	0	0	0	0	0	0	0	0	0
Dicistroviridae_55	0	0	0	0	0	0	6	0	0	0	0	0	0	0	0	0	0	5	0	0	0	8	5	0	0	0	0	0	0	5	0
Narnaviridae_cropped_56	0	0	4	0	0	0	0	0	0	0	0	0	0	0	0	0	0	4	5	5	0	5	0	0	0	0	5	0	0	0	0
Narnaviridae_cropped_57	0	5	0	0	0	0	5	5	0	0	4	0	0	0	0	0	0	0	0	0	0	0	0	0	6	0	0	0	0	0	0
Nodaviridae_58	0	4	5	0	0	0	0	0	0	0	0	0	0	0	0	0	0	0	0	0	0	10	0	0	4	0	0	0	0	0	0
Nodaviridae_59	0	0	0	0	0	0	0	0	0	4	0	0	0	0	4	0	0	0	0	0	0	7	4	0	0	0	0	0	0	0	0
Dicistroviridae_60	0	0	6	0	0	0	0	0	0	0	0	0	0	0	0	0	0	0	0	0	0	0	0	0	0	0	0	0	7	0	4
Narnaviridae_cropped_61	0	4	0	0	5	0	5	0	0	0	0	0	0	0	0	0	0	0	0	0	0	0	0	0	0	0	0	0	0	0	0
Tombusviridae_62	0	0	0	0	0	0	0	0	0	0	0	0	0	0	0	0	5	0	0	4	0	0	0	0	0	0	0	0	0	4	0
Narnaviridae_cropped_63	0	4	0	0	5	0	4	0	0	0	0	0	0	0	0	0	0	0	0	0	0	0	0	0	0	0	0	0	0	0	0
Iflaviridae_64	0	0	5	0	0	0	0	0	0	0	0	0	0	0	0	0	0	0	0	5	0	4	0	0	0	0	0	0	0	0	0
Narnaviridae_cropped_65	0	4	4	5	0	0	0	0	0	0	0	0	0	0	0	0	0	0	0	0	0	0	0	0	0	0	0	0	0	0	0
Spinareovirinae_2_66	0	0	0	0	0	0	0	0	0	0	0	12	0	0	0	0	0	0	0	0	0	0	0	0	0	0	0	0	0	0	0
Nodaviridae_67	0	0	0	0	0	0	6	0	0	0	0	0	0	0	0	0	0	0	0	0	0	5	0	0	0	0	0	0	0	0	0
Iflaviridae_68	0	0	0	0	0	0	0	0	0	0	0	0	0	0	0	0	0	0	0	4	0	0	0	0	5	0	0	0	0	0	0
Dicistroviridae_69	0	0	0	0	0	0	0	0	0	0	0	0	0	0	0	0	0	0	0	0	0	10	0	0	0	0	0	0	0	0	0
Flaviviridae_70	0	4	0	0	0	0	0	0	0	0	0	0	0	0	0	0	0	0	0	0	0	5	0	0	0	0	0	0	0	0	0
Dicistroviridae_71	0	0	0	0	0	0	0	0	0	0	0	0	0	0	0	0	0	0	0	4	0	0	0	0	0	0	0	0	4	0	0
Dicistroviridae_72	0	0	0	0	0	0	0	0	0	0	0	0	0	0	0	0	0	0	0	0	0	5	0	0	0	0	0	0	0	0	4
Iflaviridae_73	0	0	0	0	0	0	0	0	0	0	0	0	0	0	0	0	0	0	0	0	0	4	4	0	0	0	0	0	0	0	0
Narnaviridae_cropped_74	0	0	0	0	0	0	0	0	0	0	0	0	0	0	0	0	0	0	0	0	0	8	0	0	0	0	0	0	0	0	0
Dicistroviridae_75	0	0	0	0	0	0	0	0	0	0	0	0	0	0	0	0	0	0	0	0	0	8	0	0	0	0	0	0	0	0	0
Dicistroviridae_76	0	0	0	0	0	0	0	0	0	0	0	0	0	0	0	0	0	0	0	0	0	7	0	0	0	0	0	0	0	0	0
Narnaviridae_cropped_77	0	0	0	0	0	0	0	0	0	0	0	0	0	0	0	0	0	0	0	0	0	7	0	0	0	0	0	0	0	0	0
Hepeviridae_78	0	0	0	0	0	0	0	0	0	0	0	0	0	0	0	0	0	0	0	0	0	7	0	0	0	0	0	0	0	0	0
Dicistroviridae_79	0	0	0	0	0	0	0	0	0	0	0	0	0	0	0	0	0	0	0	0	0	6	0	0	0	0	0	0	0	0	0
Dicistroviridae_80	0	0	0	0	0	0	0	0	0	0	0	0	0	0	0	0	0	0	0	0	0	6	0	0	0	0	0	0	0	0	0
Dicistroviridae_81	0	0	0	0	0	0	0	0	0	0	0	0	0	0	0	0	0	0	0	0	0	6	0	0	0	0	0	0	0	0	0
Dicistroviridae_82	0	0	0	0	0	0	0	0	0	0	0	0	0	0	0	0	0	0	0	0	0	6	0	0	0	0	0	0	0	0	0
Iflaviridae_83	0	0	0	0	0	0	0	0	0	0	0	0	0	0	0	0	0	0	0	0	0	6	0	0	0	0	0	0	0	0	0
Nodaviridae_84	0	0	0	0	0	0	0	0	0	0	0	0	0	0	0	0	0	0	0	0	5	0	0	0	0	0	0	0	0	0	0
Yanvirus_cropped_85	0	0	0	0	0	0	0	0	0	0	0	0	0	0	0	0	0	0	0	0	0	5	0	0	0	0	0	0	0	0	0
Dicistroviridae_86	0	0	0	0	0	0	0	0	0	0	0	0	0	0	0	0	0	0	0	0	0	5	0	0	0	0	0	0	0	0	0
Zhaovirus_cropped_87	5	0	0	0	0	0	0	0	0	0	0	0	0	0	0	0	0	0	0	0	0	0	0	0	0	0	0	0	0	0	0
Luteoviridae_88	0	0	0	0	0	0	0	0	0	0	0	0	5	0	0	0	0	0	0	0	0	0	0	0	0	0	0	0	0	0	0
Phenuiviridae_89	0	0	0	0	0	0	0	0	0	0	0	0	0	0	0	0	0	5	0	0	0	0	0	0	0	0	0	0	0	0	0
Nodaviridae_90	0	0	0	0	0	0	0	0	0	0	0	0	0	0	0	0	0	0	0	0	0	5	0	0	0	0	0	0	0	0	0
Dicistroviridae_91	0	0	0	0	0	0	0	0	0	0	0	0	0	0	0	0	0	0	0	0	0	5	0	0	0	0	0	0	0	0	0
Dicistroviridae_92	0	0	0	0	0	0	0	0	0	0	0	0	0	0	0	0	0	0	0	0	0	5	0	0	0	0	0	0	0	0	0
Dicistroviridae_93	0	0	0	0	0	0	0	0	0	0	0	0	0	0	0	0	0	0	0	0	0	5	0	0	0	0	0	0	0	0	0
Dicistroviridae_94	0	0	0	0	0	0	0	0	0	0	0	0	0	0	0	0	0	0	0	0	0	5	0	0	0	0	0	0	0	0	0
Dicistroviridae_95	0	0	0	0	0	0	0	0	0	0	0	0	0	0	0	0	0	0	0	0	0	5	0	0	0	0	0	0	0	0	0
Dicistroviridae_96	0	0	0	0	0	0	0	0	0	0	0	0	0	0	0	0	0	0	0	0	0	5	0	0	0	0	0	0	0	0	0
Zhaovirus_cropped_97	5	0	0	0	0	0	0	0	0	0	0	0	0	0	0	0	0	0	0	0	0	0	0	0	0	0	0	0	0	0	0
Dicistroviridae_98	0	0	0	0	0	0	0	0	0	0	0	0	0	0	0	0	0	0	0	0	0	5	0	0	0	0	0	0	0	0	0
Tombusviridae_99	0	0	0	0	4	0	0	0	0	0	0	0	0	0	0	0	0	0	0	0	0	0	0	0	0	0	0	0	0	0	0
Iflaviridae_100	0	0	0	0	0	0	0	0	0	0	0	0	0	0	0	0	0	0	0	0	0	4	0	0	0	0	0	0	0	0	0
Dicistroviridae_101	0	0	0	0	0	0	0	0	0	0	0	0	0	0	0	0	0	0	0	0	0	4	0	0	0	0	0	0	0	0	0
Iflaviridae_102	0	0	0	0	0	0	0	0	0	0	0	0	0	0	0	0	0	0	0	0	0	4	0	0	0	0	0	0	0	0	0
Yanvirus_cropped_103	0	0	0	0	0	0	0	0	0	0	0	0	0	0	0	0	0	0	0	4	0	0	0	0	0	0	0	0	0	0	0
Iflaviridae_104	0	0	0	0	0	0	0	0	0	0	0	0	0	0	0	0	0	0	0	0	0	4	0	0	0	0	0	0	0	0	0
Phenuiviridae_105	0	0	0	0	0	0	0	4	0	0	0	0	0	0	0	0	0	0	0	0	0	0	0	0	0	0	0	0	0	0	0
Narnaviridae_cropped_106	0	0	0	0	0	0	0	0	4	0	0	0	0	0	0	0	0	0	0	0	0	0	0	0	0	0	0	0	0	0	0
Dicistroviridae_107	0	0	0	0	0	0	0	0	0	0	0	0	0	0	0	0	0	0	0	0	0	4	0	0	0	0	0	0	0	0	0
Dicistroviridae_108	0	0	0	0	0	0	0	0	0	0	0	0	0	0	0	0	0	0	0	0	0	4	0	0	0	0	0	0	0	0	0
Dicistroviridae_109	0	0	0	0	0	0	0	0	0	0	0	0	0	0	0	0	0	0	0	0	0	4	0	0	0	0	0	0	0	0	0