Genome	Unmanip_1	Unmanip_2	Unmanip_3	Unmanip_4	Unmanip_5	Unmanip_6	Unmanip_7	Unmanip_8	HM_1	HM_2	HM_3	HM_4	HM_5	HM_6	HM_7	HM_8	HMM_1	HMM_2	HMM_3	HMM_4	HMM_5	HMM_6	HMM_7	HMM_8	LM_2	LM_3	LM_4	LM_5	LM_6	LM_7	LM_8
Yueviridae_1	72532.3906	70774.1172	61731.418	77978.3672	62332.5352	74711.5703	64660.8516	69064.6875	56627.543	59577.918	72122.7969	86481.4063	60599.8164	79914.1797	61618.0469	68626.1797	86690.6406	73634.0703	62203.2969	87520.7969	73059.7656	84704.1953	70023.5234	72181.7734	69587.3125	68147.1719	81212.8438	72824.0703	80205.6016	94369.8984	82693.8984
Narnaviridae_cropped_2	15529.8301	19556.8379	17999.4512	26057.9668	8544.6162	12444.9922	15800.8691	10863.5244	32321.4844	39540.9727	36996.3711	13705.5029	30118.6563	33897.3438	27957.2422	62002.7227	27484.1426	6181.2646	18871.1855	16492.584	19044.5469	34755.4492	31116.6309	28245.5449	15785.624	40515.5938	32455.1504	16416	10318.8887	19721.4824	22585.3164
Dicistroviridae_3	3166.4917	4675.2158	3838.4888	4420.9614	3602.6387	4819.9922	3821.3945	3820.2637	2929.2883	3367.1506	3178.8491	5006.3135	3226.8347	4015.689	3586.1826	3213.1465	4672.5771	4533.7144	3028.1018	5577.4746	4308.9702	4792.0127	3383.6453	4215.3833	3785.5232	3785.5247	5400.2134	5193.3623	5190.2598	4872.6582	4213.0264
Dicistroviridae_4	890.1548	915.8024	852.1332	681.1732	1014.0392	741.7346	701.0098	732.3577	872.4308	582.8945	1017.9178	577.9036	678.8578	774.3497	1035.7705	471.4263	607.7549	897.0425	816.5839	979.5285	690.1225	1160.0442	850.1656	898.2949	893.7279	922.3475	886.9305	764.9173	706.6179	1065.7493	1067.0018
Nodaviridae_5	159.1788	129.8242	157.1074	147.9362	119.2713	63.2654	141.8857	104.7859	115.2148	95.5863	175.3176	120.342	102.1094	82.9095	154.1381	68.1408	155.3658	240.3546	180.9732	285.1623	93.7426	349.0793	224.7293	209.0443	204.6057	114.3962	129.4762	126.3027	203.576	190.268	185.8609
Nodaviridae_6	110.101	71.2116	109.311	93.9677	72.8595	36.4532	88.3788	59.3562	69.2981	58.0032	111.4846	79.1397	61.5703	46.0468	92.7674	45.2536	92.5057	142.8853	112.7698	173.063	59.5347	203.4653	136.7859	118.5194	123.8441	73.643	81.059	76.6131	125.2948	119.1276	115.1737
Iflaviridae_7	34.6225	37.1583	39.2702	35.9063	37.2356	22.4454	39.7911	29.4433	26.6665	25.2878	35.5255	25.9848	22.2016	25.846	33.9154	15.0315	31.839	50.1465	36.5676	52.866	20.3657	70.9233	48.6816	45.2517	43.0612	28.1807	34.923	27.0188	38.3942	45.8038	40.8736
Iflaviridae_8	20.0833	28.5755	41.6354	30.776	26.2969	23.5052	25.474	29.6563	16.1875	18.487	27.4375	18.8724	17.6875	19.0026	26.612	14.2214	26.5469	37.5599	29.4766	49.2917	14.3724	66.1484	41.8932	39.4844	32.5365	12.7005	29.6771	19.2552	42.2734	42.4349	30.7526
Iflaviridae_9	17.3468	19.9875	18.5999	19.9854	18.6691	11.4998	20.0593	16.7241	16.4272	15.3477	19.0456	13.8113	10.4959	10.3163	16.3691	10.7104	18.3644	26.3386	17.7817	30.5668	10.0477	35.8775	27.1667	22.5221	24.0984	14.7649	17.3773	13.266	22.4027	22.2316	22.9596
Narnaviridae_cropped_10	9.7921	9.6515	9.9403	10.6841	15.3802	6.3878	14.3643	7.548	7.3447	11.2086	9.8987	8.9002	5.9667	9.8148	7.3273	4.9017	9.4671	16.8488	10.9819	12.6183	6.9138	26.2895	13.3401	12.8163	10.6984	8.5231	13.5593	8.7816	13.8141	13.6931	12.6697
Iflaviridae_11	9.2734	9.7634	8.196	8.4755	8.477	6.1455	9.2665	8.0758	7.4418	6.8078	10.6271	5.4303	5.1179	5.9426	7.2672	5.0842	6.6845	11.3936	9.7994	10.4969	5.9518	15.4188	12.6945	11.2734	10.01	8.0697	9.3821	8.1355	13.817	9.6669	9.9893
Dicistroviridae_12	8.1757	8.4236	11.8657	8.6398	6.8454	0	10.2272	8.0734	6.2213	5.3544	9.3881	6.6905	5.1466	4.3639	8.7142	0	7.4763	13.681	10.0186	15.3333	4.8003	22.2678	12.7825	10.9277	11.8487	6.1941	7.1001	6.766	12.5928	10.9637	9.4419
Iflaviridae_13	9.2053	10.1611	6.9814	6.5965	6.5867	5.3929	8	7.477	5.9451	6.6133	8.8398	6.4106	4.8832	7.1469	6.1991	0	10.4504	11.7717	8.769	15.477	6.3487	15.8655	11.6292	11.3938	11.9124	6.0788	8.7124	9.9354	12.3956	10.5	10.8841
Narnaviridae_cropped_14	8.6963	15.1348	7.8341	0	16.5733	0	18.6459	15.7822	5.557	0	8.237	7.6504	0	0	6.2607	0	8.4681	13.96	9.9496	11.4326	0	7.3333	8.6089	12.4993	14.7437	7.8089	13.2385	0	10.3156	9.48	8.8711
Iflaviridae_15	7.0051	9.8754	11.4811	6.954	10.6292	0	12.8202	7.4811	0	4.3687	9.9694	5.8529	0	5.951	8.6639	5.1675	9.189	10.3115	6.4903	13.6027	4.808	14.1961	10.9602	10.6588	9.3596	5.1471	7.6027	4.8927	7.8202	10.379	10.2778
Weivirus_cropped_16	7.2037	8.6145	8.9989	6.0559	9.6539	4.6495	10.069	6.8028	5.7087	5.6835	6.3176	0	5.874	4.5257	6.6046	0	7.3921	7.4841	4.9978	9.5203	0	11.7273	8.6889	7.8007	7.3363	6.2059	7.2191	4.8762	10.414	8.4009	5.345
Tombusviridae_17	5.5927	5.5071	5.5193	4.9542	8.2485	0	7.4501	5.1212	4.3819	0	5.6212	8.0153	0	0	6.4206	0	7.0652	11.1823	5.7342	11.0377	0	10.1171	9.1212	7.5031	8.3391	4.7037	4.2393	0	7.057	8.6599	6.6945
Dicistroviridae_18	5.6448	5.7385	7.0573	5.4987	5.1381	0	5.604	4.8454	0	0	5.8604	4.3925	0	0	5.1349	0	4.6741	8.0439	6.2609	9.221	0	12.9603	7.6034	7.2528	7.2991	4.2009	4.2408	4.8517	7.6684	7.1796	6.8073
Dicistroviridae_19	5.0542	4.6515	7.1759	5.3296	4.9148	0	6.1952	4.314	0	0	6.0878	0	0	0	5.6286	0	5.2622	8.2085	6.353	9.3958	0	13.4732	8.4317	6.1079	8.198	0	4.4508	4.8429	7.6304	6.5293	6.7905
Nodaviridae_20	5.5396	5.7137	6.2486	4.9616	5.6894	0	8.5145	5.0125	4.2173	0	6.211	0	4.109	0	5.4808	0	0	8.8086	5.0188	9.5412	0	7.4847	7.9702	7.6306	5.9976	0	0	4.8298	7.869	4.1263	4.9757
Dicistroviridae_21	5.3744	5.9862	6.7585	6.0855	4.343	0	5.6192	4.5084	0	0	5.5854	4.2016	0	0	5.1867	0	0	8.1659	6.4855	9.4003	0	13.4594	8.2461	5.5188	6.6674	0	0	4.1124	7.4226	6.6908	5.9236
Dicistroviridae_22	4.8987	4.913	5.8887	5.404	0	4.3913	4.2206	4.7768	0	0	5.7312	0	4.6686	5.2534	5.1654	0	4.7434	6.8993	7.0069	7.8271	0	10.315	6.7296	4.448	4.333	0	5.0318	5.2444	5.211	6.22	6.3696
Dicistroviridae_23	4.8362	4.7048	6.8417	4.2629	4.7316	0	5.0816	4.0594	0	0	5.0609	4.0906	0	0	4.797	0	4.208	8.1537	5.5921	8.7739	0	11.8127	6.9867	5.9437	7.1369	0	4.1475	4.657	7.2478	6.12	5.9051
Dicistroviridae_24	5.1823	4.7907	5.2293	0	6.4983	0	5.9121	4.7785	0	0	5.2755	0	0	0	4.0936	0	0	8.7324	4.7041	7.2254	0	18.0405	7.0387	6.2493	6.0714	0	4.02	4.3333	6.4961	4.3399	7.8451
Weivirus_cropped_25	5.5662	4.7324	9.2584	5.5344	5.6753	0	4.6833	4.8934	0	0	4.1533	0	0	0	5.5412	0	5.3417	6.4221	5.3445	8.029	0	10.1288	6.0326	5.192	7.0712	4.6547	0	0	5.1855	5.5936	4.9763
Dicistroviridae_26	5.0812	4.6831	7.4529	4.5249	5.1902	0	5.8132	0	0	0	5.1924	0	0	0	4.8398	0	0	8.4206	5.6915	8.6995	0	12.1345	6.6859	7.1265	7.6264	4.2222	0	0	6.8282	6.6021	5.4454
Picornaviridae_27	0	7.694	9.2643	9.2985	0	0	6.8618	0	0	0	11.1181	0	0	0	9.1518	0	5.1082	0	0	4.6443	4.3477	12.0361	7.6279	11.2043	5.5014	5.141	0	4.6649	0	0	0
Dicistroviridae_28	4.6912	4.8691	6.9078	0	4.0842	0	5.1123	0	0	0	4.4811	0	0	0	4.4689	0	0	7.8574	5.897	8.6096	0	11.0548	6.8645	6.7118	7.3521	0	0	4.0984	7.1788	5.613	5.9253
Nodaviridae_29	0	4.5609	5.0239	0	4.178	0	4.2024	4.7046	0	4.2214	4.2673	0	0	0	0	0	0	6.1303	5.4214	9.1945	0	14.6538	7.896	6.5719	5.0306	0	0	4.7223	6.5829	6.6459	4.5535
Tombusviridae_30	4.0054	0	0	0	4.1793	0	6.2731	4.1821	0	0	0	4.1236	0	0	5.0177	0	5.6386	7.6454	0	7.6372	0	10.9348	5.7677	7.591	4.0489	4.4443	0	0	7.3736	6.4715	5.8845
Dicistroviridae_31	0	0	6.8947	4.2914	4.1903	0	4.6045	0	0	0	4.6573	0	0	0	4.1555	0	0	6.7827	4.7582	7.6911	0	10.6056	7.2439	5.0304	6.3899	0	0	0	6.2917	6.1708	5.9665
Nodaviridae_32	4.6195	0	5.4304	0	0	0	0	0	0	0	5.4081	0	4.1842	0	0	0	0	6.5268	4.8756	7.9295	0	12.5424	7.0308	7.1949	5.1124	0	0	4.455	6.5816	6.785	5.8381
Nodaviridae_33	0	0	5.7006	0	0	0	4.5142	0	0	0	4.5695	0	0	0	4.5759	0	0	6.4995	4.6408	6.6065	4.1586	11.5731	6.5434	5.3085	4.8597	0	0	4.0288	6.5146	6.4653	5.3999
Iflaviridae_34	0	4.1862	4.0161	4.9824	5.9545	0	0	6.2478	0	0	4.893	0	0	0	6.1188	0	0	4.4487	0	0	0	5.4472	4.7331	4.7185	4.5572	0	7.1393	0	0	8.6158	6.1833
Narnaviridae_cropped_35	4.137	0	7.9331	23.5361	7.0885	0	6.9342	0	0	0	0	0	0	0	0	0	0	0	9.192	0	0	5.1953	0	0	5.2104	0	0	0	0	5.0496	4.7638
Nodaviridae_36	0	0	4.4499	0	0	0	4.0822	0	4.5439	0	5.4756	0	0	0	4.3935	0	0	6.6546	5.9352	4.7639	0	9.4304	0	0	5.1024	0	0	5.0097	5.8809	4.351	0
Dicistroviridae_37	5.7364	4.4716	0	5.4905	6.1379	0	4.0211	0	0	0	4.4138	0	0	0	0	0	0	6.7253	5.4461	4.0679	0	8.5784	0	5.7731	0	0	0	0	4.307	4.5795	0
Narnaviridae_cropped_38	0	8.0615	4.5535	12.7836	5.4351	0	7.6834	4.2301	0	0	0	0	0	0	0	4.3144	0	0	10.3235	0	0	11.5399	0	0	0	0	0	0	0	0	0
Nodaviridae_39	4.4344	0	0	4.9263	0	0	0	0	0	0	4.6603	0	4.4383	0	6.2478	0	0	0	5.3665	6.7005	0	6.0086	5.0756	4.8842	6.223	0	0	0	0	0	0
Nodaviridae_40	0	0	11.1617	4.1105	0	0	0	0	0	0	6.1267	0	0	0	4.2561	0	0	5.4501	0	7.0323	0	8.9811	0	0	5.1779	0	0	0	5.2776	0	0
Tombusviridae_41	0	0	0	0	0	4.3061	5.1504	0	0	0	0	0	0	0	0	0	0	4.3193	5.7388	4.8364	0	10.0396	5.1478	5.8179	0	0	0	0	5.6807	0	4.6332
Dicistroviridae_42	4.5044	0	4.2172	0	4.0438	0	0	4.282	0	0	0	0	0	0	0	0	0	5.1296	0	5.62	0	11.6515	6.1611	0	0	0	0	0	5.4308	0	4.0053
Weivirus_cropped_43	0	4.6224	5.9336	0	0	0	0	0	0	0	0	0	0	0	4.0271	0	4.1107	4.1611	4.3678	5.7442	0	6.3801	5.2694	0	4.6519	0	0	0	5.3346	0	0
Nodaviridae_44	0	0	4.8967	0	0	0	0	0	0	0	0	0	0	0	0	0	0	6.3562	4.2585	7.0492	0	4.727	0	5.3236	5.4144	0	4.1365	0	4.2148	0	5.3236
Nodaviridae_45	0	0	0	4.4116	6.0008	0	0	0	0	0	0	0	0	0	0	0	0	4.3178	0	6.3399	0	7.1475	4.6267	0	4.749	0	0	0	4.5917	4.4287	0
Tombusviridae_46	0	0	5.9613	0	0	0	0	0	0	0	0	0	0	0	0	0	4.5981	0	0	8.1671	0	0	0	5.3196	0	0	4.9976	0	0	6.4165	6.5521
Dicistroviridae_47	0	0	0	0	0	0	4.8788	0	0	0	0	0	0	0	0	0	0	5.5448	0	4.1629	0	13.4558	4.3857	0	4.1395	0	0	0	5.3965	0	0
Nodaviridae_48	0	0	0	0	0	0	0	0	0	0	0	0	0	0	0	0	0	4.2411	0	5.0025	0	10.4461	0	0	4.9788	0	0	0	5.1701	4.0069	0
Dicistroviridae_49	0	0	0	0	0	0	5.5851	0	0	0	0	0	0	0	0	0	0	4.767	0	5.0662	0	9.1305	5.0074	4.127	0	0	0	0	0	0	0
Qinviridae_50	7.1384	0	5.4931	0	0	4.1315	0	0	0	0	0	0	0	0	0	0	0	5.6851	0	5.6263	0	0	0	0	0	0	0	0	0	4.6661	0
Narnaviridae_cropped_51	0	0	0	0	0	0	0	0	0	0	0	0	0	0	0	0	0	4.3715	0	4.6345	0	5.2593	4.0844	4.5139	0	0	4.6634	0	0	4.1689	0
Nodaviridae_52	0	0	6.248	0	0	0	4.8316	0	0	0	0	0	0	0	0	0	0	0	0	5.6353	0	8.0027	0	0	5.1844	0	0	0	0	0	0
Iflaviridae_53	0	0	0	0	0	0	0	0	0	0	0	0	0	0	0	0	0	4.2709	0	0	0	5.9267	4.2012	4.2302	0	0	0	0	0	5.5407	4.4721
Nodaviridae_54	0	0	0	0	0	0	0	6.7065	0	0	0	0	0	0	0	0	4.0978	0	0	0	0	17.5408	0	0	0	0	0	0	0	0	0
Dicistroviridae_55	0	0	0	0	0	0	6.0651	0	0	0	0	0	0	0	0	0	0	4.5391	0	0	0	8.3661	4.5081	0	0	0	0	0	0	4.6726	0
Narnaviridae_cropped_56	0	0	4.1713	0	0	0	0	0	0	0	0	0	0	0	0	0	0	4.1421	4.9443	4.5348	0	5.344	0	0	0	0	4.5557	0	0	0	0
Narnaviridae_cropped_57	0	5.1885	0	0	0	0	4.7228	4.704	0	0	4.3825	0	0	0	0	0	0	0	0	0	0	0	0	0	6.4789	0	0	0	0	0	0
Nodaviridae_58	0	4.2542	5.3534	0	0	0	0	0	0	0	0	0	0	0	0	0	0	0	0	0	0	10.1969	0	0	4.4721	0	0	0	0	0	0
Nodaviridae_59	0	0	0	0	0	0	0	0	0	4.2975	0	0	0	0	4.2265	0	0	0	0	0	0	7.4966	4.3158	0	0	0	0	0	0	0	0
Dicistroviridae_60	0	0	6.4433	0	0	0	0	0	0	0	0	0	0	0	0	0	0	0	0	0	0	0	0	0	0	0	0	0	7.2869	0	4.1756
Narnaviridae_cropped_61	0	4.1315	0	0	4.6833	0	5.0139	0	0	0	0	0	0	0	0	0	0	0	0	0	0	0	0	0	0	0	0	0	0	0	0
Tombusviridae_62	0	0	0	0	0	0	0	0	0	0	0	0	0	0	0	0	5.2623	0	0	4.1919	0	0	0	0	0	0	0	0	0	4.3292	0
Narnaviridae_cropped_63	0	4.4041	0	0	4.9203	0	4.1676	0	0	0	0	0	0	0	0	0	0	0	0	0	0	0	0	0	0	0	0	0	0	0	0
Iflaviridae_64	0	0	4.699	0	0	0	0	0	0	0	0	0	0	0	0	0	0	0	0	4.5521	0	4.1101	0	0	0	0	0	0	0	0	0
Narnaviridae_cropped_65	0	4.3203	4.135	4.7708	0	0	0	0	0	0	0	0	0	0	0	0	0	0	0	0	0	0	0	0	0	0	0	0	0	0	0
Spinareovirinae_2_66	0	0	0	0	0	0	0	0	0	0	0	11.9088	0	0	0	0	0	0	0	0	0	0	0	0	0	0	0	0	0	0	0
Nodaviridae_67	0	0	0	0	0	0	6.2698	0	0	0	0	0	0	0	0	0	0	0	0	0	0	4.6389	0	0	0	0	0	0	0	0	0
Iflaviridae_68	0	0	0	0	0	0	0	0	0	0	0	0	0	0	0	0	0	0	0	4.2663	0	0	0	0	5.4615	0	0	0	0	0	0
Dicistroviridae_69	0	0	0	0	0	0	0	0	0	0	0	0	0	0	0	0	0	0	0	0	0	9.6672	0	0	0	0	0	0	0	0	0
Flaviviridae_70	0	4.3717	0	0	0	0	0	0	0	0	0	0	0	0	0	0	0	0	0	0	0	4.5253	0	0	0	0	0	0	0	0	0
Dicistroviridae_71	0	0	0	0	0	0	0	0	0	0	0	0	0	0	0	0	0	0	0	4.2208	0	0	0	0	0	0	0	0	4.4604	0	0
Dicistroviridae_72	0	0	0	0	0	0	0	0	0	0	0	0	0	0	0	0	0	0	0	0	0	4.5019	0	0	0	0	0	0	0	0	4.0583
Iflaviridae_73	0	0	0	0	0	0	0	0	0	0	0	0	0	0	0	0	0	0	0	0	0	4.4021	4.0899	0	0	0	0	0	0	0	0
Narnaviridae_cropped_74	0	0	0	0	0	0	0	0	0	0	0	0	0	0	0	0	0	0	0	0	0	7.8	0	0	0	0	0	0	0	0	0
Dicistroviridae_75	0	0	0	0	0	0	0	0	0	0	0	0	0	0	0	0	0	0	0	0	0	7.7324	0	0	0	0	0	0	0	0	0
Dicistroviridae_76	0	0	0	0	0	0	0	0	0	0	0	0	0	0	0	0	0	0	0	0	0	7.1881	0	0	0	0	0	0	0	0	0
Narnaviridae_cropped_77	0	0	0	0	0	0	0	0	0	0	0	0	0	0	0	0	0	0	0	0	0	6.9762	0	0	0	0	0	0	0	0	0
Hepeviridae_78	0	0	0	0	0	0	0	0	0	0	0	0	0	0	0	0	0	0	0	0	0	6.7979	0	0	0	0	0	0	0	0	0
Dicistroviridae_79	0	0	0	0	0	0	0	0	0	0	0	0	0	0	0	0	0	0	0	0	0	6.4174	0	0	0	0	0	0	0	0	0
Dicistroviridae_80	0	0	0	0	0	0	0	0	0	0	0	0	0	0	0	0	0	0	0	0	0	5.9348	0	0	0	0	0	0	0	0	0
Dicistroviridae_81	0	0	0	0	0	0	0	0	0	0	0	0	0	0	0	0	0	0	0	0	0	5.8374	0	0	0	0	0	0	0	0	0
Dicistroviridae_82	0	0	0	0	0	0	0	0	0	0	0	0	0	0	0	0	0	0	0	0	0	5.634	0	0	0	0	0	0	0	0	0
Iflaviridae_83	0	0	0	0	0	0	0	0	0	0	0	0	0	0	0	0	0	0	0	0	0	5.5854	0	0	0	0	0	0	0	0	0
Nodaviridae_84	0	0	0	0	0	0	0	0	0	0	0	0	0	0	0	0	0	0	0	0	5.4405	0	0	0	0	0	0	0	0	0	0
Yanvirus_cropped_85	0	0	0	0	0	0	0	0	0	0	0	0	0	0	0	0	0	0	0	0	0	5.0505	0	0	0	0	0	0	0	0	0
Dicistroviridae_86	0	0	0	0	0	0	0	0	0	0	0	0	0	0	0	0	0	0	0	0	0	5.0436	0	0	0	0	0	0	0	0	0
Zhaovirus_cropped_87	4.8923	0	0	0	0	0	0	0	0	0	0	0	0	0	0	0	0	0	0	0	0	0	0	0	0	0	0	0	0	0	0
Luteoviridae_88	0	0	0	0	0	0	0	0	0	0	0	0	4.883	0	0	0	0	0	0	0	0	0	0	0	0	0	0	0	0	0	0
Phenuiviridae_89	0	0	0	0	0	0	0	0	0	0	0	0	0	0	0	0	0	4.8788	0	0	0	0	0	0	0	0	0	0	0	0	0
Nodaviridae_90	0	0	0	0	0	0	0	0	0	0	0	0	0	0	0	0	0	0	0	0	0	4.863	0	0	0	0	0	0	0	0	0
Dicistroviridae_91	0	0	0	0	0	0	0	0	0	0	0	0	0	0	0	0	0	0	0	0	0	4.8311	0	0	0	0	0	0	0	0	0
Dicistroviridae_92	0	0	0	0	0	0	0	0	0	0	0	0	0	0	0	0	0	0	0	0	0	4.7686	0	0	0	0	0	0	0	0	0
Dicistroviridae_93	0	0	0	0	0	0	0	0	0	0	0	0	0	0	0	0	0	0	0	0	0	4.6766	0	0	0	0	0	0	0	0	0
Dicistroviridae_94	0	0	0	0	0	0	0	0	0	0	0	0	0	0	0	0	0	0	0	0	0	4.6397	0	0	0	0	0	0	0	0	0
Dicistroviridae_95	0	0	0	0	0	0	0	0	0	0	0	0	0	0	0	0	0	0	0	0	0	4.5501	0	0	0	0	0	0	0	0	0
Dicistroviridae_96	0	0	0	0	0	0	0	0	0	0	0	0	0	0	0	0	0	0	0	0	0	4.5397	0	0	0	0	0	0	0	0	0
Zhaovirus_cropped_97	4.5302	0	0	0	0	0	0	0	0	0	0	0	0	0	0	0	0	0	0	0	0	0	0	0	0	0	0	0	0	0	0
Dicistroviridae_98	0	0	0	0	0	0	0	0	0	0	0	0	0	0	0	0	0	0	0	0	0	4.5203	0	0	0	0	0	0	0	0	0
Tombusviridae_99	0	0	0	0	4.4875	0	0	0	0	0	0	0	0	0	0	0	0	0	0	0	0	0	0	0	0	0	0	0	0	0	0
Iflaviridae_100	0	0	0	0	0	0	0	0	0	0	0	0	0	0	0	0	0	0	0	0	0	4.305	0	0	0	0	0	0	0	0	0
Dicistroviridae_101	0	0	0	0	0	0	0	0	0	0	0	0	0	0	0	0	0	0	0	0	0	4.2815	0	0	0	0	0	0	0	0	0
Iflaviridae_102	0	0	0	0	0	0	0	0	0	0	0	0	0	0	0	0	0	0	0	0	0	4.1899	0	0	0	0	0	0	0	0	0
Yanvirus_cropped_103	0	0	0	0	0	0	0	0	0	0	0	0	0	0	0	0	0	0	0	4.1806	0	0	0	0	0	0	0	0	0	0	0
Iflaviridae_104	0	0	0	0	0	0	0	0	0	0	0	0	0	0	0	0	0	0	0	0	0	4.1613	0	0	0	0	0	0	0	0	0
Phenuiviridae_105	0	0	0	0	0	0	0	4.1515	0	0	0	0	0	0	0	0	0	0	0	0	0	0	0	0	0	0	0	0	0	0	0
Narnaviridae_cropped_106	0	0	0	0	0	0	0	0	4.1181	0	0	0	0	0	0	0	0	0	0	0	0	0	0	0	0	0	0	0	0	0	0
Dicistroviridae_107	0	0	0	0	0	0	0	0	0	0	0	0	0	0	0	0	0	0	0	0	0	4.0872	0	0	0	0	0	0	0	0	0
Dicistroviridae_108	0	0	0	0	0	0	0	0	0	0	0	0	0	0	0	0	0	0	0	0	0	4.0387	0	0	0	0	0	0	0	0	0
Dicistroviridae_109	0	0	0	0	0	0	0	0	0	0	0	0	0	0	0	0	0	0	0	0	0	4.0371	0	0	0	0	0	0	0	0	0