Genomes	Unmanip_1	Unmanip_3	Unmanip_4	Unmanip_5	Unmanip_7	Unmanip_8	HM_1	HM_2	HM_3	HM_4	HM_5	HM_6	HM_7	HMM_1	HMM_2	HMM_3	HMM_5	HMM_6	HMM_7	HMM_8	LM_1	LM_2	LM_5	LM_6	LM_7	LM_8
DNA-Virus_1005	0	5	0	0	5	0	0	0	0	0	5	0	0	0	0	0	0	0	0	0	0	0	0	0	0	0
DNA-Virus_10326	6	9	6	5	5	5	8	8	9	6	9	6	6	7	10	7	5	7	7	6	6	5	6	5	6	6
DNA-Virus_10392	0	0	5	0	0	0	0	0	0	0	0	0	0	0	5	0	0	5	0	0	0	0	0	0	0	0
DNA-Virus_10453	0	0	5	0	0	0	0	5	5	0	5	0	0	5	5	0	0	0	5	0	0	0	0	0	0	0
DNA-Virus_1078	0	5	0	0	0	0	5	5	5	0	6	0	0	5	5	0	0	5	5	0	0	0	0	0	0	0
DNA-Virus_108	0	5	0	0	0	0	0	0	0	0	0	0	0	0	0	0	0	0	0	0	0	0	0	0	0	0
DNA-Virus_109	6	6	5	5	7	6	5	6	6	5	7	5	0	5	6	0	0	6	5	5	0	5	0	0	0	5
DNA-Virus_10920	11	11	9	6	9	8	11	11	12	10	12	8	9	10	12	9	8	10	11	9	9	8	9	9	9	11
DNA-Virus_1222	7	9	6	5	8	7	7	8	8	7	8	6	6	7	8	6	6	9	7	6	6	6	7	6	6	7
DNA-Virus_12234	14	13	13	10	14	14	13	14	14	12	15	12	11	12	16	10	10	15	13	13	9	11	10	11	10	13
DNA-Virus_1238	0	0	0	0	0	0	0	0	0	0	5	0	0	0	0	0	0	0	5	0	0	0	0	0	0	0
DNA-Virus_1239	10	11	10	8	10	11	9	11	10	8	11	8	7	9	11	7	6	10	10	8	7	8	7	8	7	9
DNA-Virus_1246	5	6	5	0	7	6	5	5	5	5	6	0	0	5	6	0	0	6	5	5	0	0	0	0	0	5
DNA-Virus_1317	0	6	0	0	6	6	0	5	5	0	5	0	0	0	5	0	0	5	0	0	0	0	0	0	0	0
DNA-Virus_1431	7	8	7	6	7	7	7	8	9	7	8	7	6	7	9	6	5	9	7	6	6	6	6	6	6	7
DNA-Virus_1436	9	9	8	6	9	9	9	10	10	8	10	8	7	8	9	7	7	9	9	8	7	7	7	7	7	8
DNA-Virus_1479	7	8	5	5	7	6	6	7	8	6	7	5	5	6	8	5	0	7	7	5	5	5	6	6	5	6
DNA-Virus_1480	14	14	13	10	14	14	13	15	14	12	15	12	10	12	16	11	10	15	13	13	9	11	10	10	10	13
DNA-Virus_1494	8	9	8	7	9	9	8	9	9	7	9	7	7	7	9	6	6	9	8	8	6	6	6	6	6	8
DNA-Virus_1503	0	0	0	0	0	0	0	0	5	0	5	0	0	0	0	0	0	0	0	0	0	0	0	0	0	0
DNA-Virus_1518	6	7	5	5	6	6	5	6	6	5	6	5	5	5	7	5	0	6	6	5	5	5	0	5	5	5
DNA-Virus_1558	6	6	8	0	5	0	8	6	7	6	8	6	6	7	8	6	5	6	7	6	5	5	5	5	5	6
DNA-Virus_1560	6	7	5	5	6	6	6	6	7	5	7	5	5	5	7	0	0	6	6	5	0	5	5	5	5	5
DNA-Virus_1595	10	7	8	5	7	6	9	9	10	8	11	8	8	8	9	7	7	9	9	9	6	6	7	8	7	10
DNA-Virus_1643	0	5	0	0	5	5	0	5	0	0	0	0	0	0	5	0	0	0	0	0	0	0	0	0	0	0
DNA-Virus_1668	6	7	6	6	7	7	5	5	7	5	6	5	5	5	6	0	0	6	6	5	0	0	5	5	0	6
DNA-Virus_1699	6	5	5	0	0	0	6	6	7	5	6	5	5	6	6	5	0	5	5	5	0	5	0	0	0	5
DNA-Virus_1703	6	6	5	5	6	6	5	6	6	5	6	5	5	5	5	0	0	6	5	5	0	0	0	0	0	5
DNA-Virus_1709	6	8	7	6	9	8	6	7	7	6	7	6	5	6	7	5	5	7	6	6	5	5	5	5	5	6
DNA-Virus_1799	9	11	8	8	11	10	8	10	10	8	10	7	7	8	10	7	6	10	9	7	7	7	7	7	7	8
DNA-Virus_1854	7	8	7	6	7	7	5	7	6	5	6	5	0	6	8	5	0	8	6	5	0	6	5	5	0	6
DNA-Virus_1908	5	6	7	0	7	6	5	6	6	0	5	0	0	0	5	0	0	7	6	6	0	0	0	0	0	5
DNA-Virus_1938	13	16	10	12	11	11	14	13	14	11	16	11	12	13	16	12	11	13	14	13	10	11	11	11	11	13
DNA-Virus_1997	0	5	0	0	0	0	0	5	5	0	5	0	0	0	5	0	0	5	0	0	0	0	0	0	0	0
DNA-Virus_2006	5	5	0	0	5	5	0	5	5	0	5	0	0	0	5	0	0	5	0	0	0	0	0	0	0	0
DNA-Virus_20296	0	0	0	0	0	0	5	0	0	0	0	0	0	5	0	0	0	0	0	0	0	0	0	0	0	0
DNA-Virus_2031	12	15	12	9	14	14	13	13	15	12	15	10	11	12	14	11	10	14	13	11	10	10	11	11	10	12
DNA-Virus_2089	17	14	16	9	12	11	17	18	19	15	20	14	14	16	16	13	13	16	18	16	13	13	13	13	13	16
DNA-Virus_21029	0	5	0	0	0	0	0	5	6	0	0	0	0	0	6	0	0	5	0	0	0	0	0	0	0	5
DNA-Virus_2115	9	9	9	7	9	9	9	10	9	8	10	8	7	8	10	7	6	10	9	9	6	8	7	7	7	8
DNA-Virus_2123	5	6	5	0	5	5	5	6	6	5	6	0	0	5	6	0	0	6	5	5	0	0	5	0	0	5
DNA-Virus_2180	5	5	8	0	0	0	6	5	6	5	6	5	5	6	6	5	5	5	6	5	0	0	0	0	0	5
DNA-Virus_2254	5	7	0	5	5	6	6	6	7	6	7	5	5	5	6	5	0	5	5	5	5	0	0	0	5	6
DNA-Virus_2265	0	5	0	0	0	0	0	0	0	0	5	0	0	0	5	0	0	0	0	0	0	0	0	0	0	0
DNA-Virus_2289	15	14	14	11	15	15	13	15	14	12	15	12	10	13	16	11	10	15	13	13	10	12	10	11	10	13
DNA-Virus_240	22	26	22	18	23	22	23	23	23	19	26	19	18	21	25	18	17	23	22	20	17	17	18	18	17	21
DNA-Virus_2469	6	7	8	0	7	7	6	7	7	6	7	6	5	5	7	5	5	8	6	6	5	5	5	5	5	5
DNA-Virus_259	14	18	17	15	17	17	14	16	15	13	16	11	11	14	15	12	13	17	15	12	10	12	11	12	11	14
DNA-Virus_2636	0	0	0	0	0	0	0	0	5	0	5	0	0	0	5	0	0	0	0	0	0	0	0	0	0	0
DNA-Virus_2737	0	5	0	0	5	6	0	0	0	0	0	0	0	0	0	0	0	0	0	0	0	0	0	0	0	0
DNA-Virus_2756	6	0	5	0	0	0	8	0	0	0	8	5	5	5	0	5	8	0	5	7	0	0	0	0	0	5
DNA-Virus_279	0	0	0	0	0	0	5	0	0	0	5	0	0	5	0	0	7	0	5	5	0	0	0	0	0	0
DNA-Virus_2831	7	8	7	5	7	7	6	8	7	6	8	6	5	6	8	5	5	8	7	6	5	6	6	6	5	6
DNA-Virus_2924	0	0	0	6	0	5	0	0	0	0	0	0	0	0	31	0	0	0	0	0	0	0	0	0	0	0
DNA-Virus_2941	8	8	7	5	8	7	7	9	9	7	9	7	6	7	8	6	6	8	8	7	6	6	6	7	6	8
DNA-Virus_2970	5	0	5	0	0	0	7	0	5	0	7	5	5	6	5	5	6	5	6	6	0	0	0	0	0	5
DNA-Virus_3078	5	5	0	0	0	0	5	0	5	0	5	0	0	0	5	0	0	0	0	0	0	0	0	0	0	0
DNA-Virus_3109	7	7	7	5	7	6	8	7	8	6	8	6	6	7	7	6	6	7	7	7	5	5	5	5	6	7
DNA-Virus_3186	5	6	6	0	6	6	5	5	5	5	6	0	0	5	6	0	0	6	5	0	0	0	5	0	0	5
DNA-Virus_3211	0	5	5	0	0	5	0	5	0	0	0	0	0	0	5	0	0	0	0	0	0	0	0	0	0	0
DNA-Virus_32124	0	0	0	0	0	0	0	0	0	0	0	0	0	15	0	0	0	0	0	0	0	0	0	0	0	0
DNA-Virus_32143	5	6	6	5	5	6	7	7	6	6	8	5	0	7	7	5	6	7	7	6	0	0	0	5	5	6
DNA-Virus_336	36	52	37	50	53	51	38	39	43	32	43	31	29	32	41	24	24	36	33	30	30	28	29	29	29	38
DNA-Virus_3525	21	19	19	15	20	20	18	21	19	16	21	17	14	17	21	15	14	20	19	18	13	16	14	16	14	18
DNA-Virus_3866	0	0	0	0	0	0	5	0	6	0	0	0	0	6	13	6	7	6	10	5	0	5	5	5	5	7
DNA-Virus_3971	5	6	7	0	6	6	5	6	6	5	6	0	0	5	6	0	0	6	5	5	0	0	0	5	0	5
DNA-Virus_4021	7	7	12	0	5	0	9	6	7	6	9	7	6	8	9	6	6	7	8	7	5	5	6	6	6	6
DNA-Virus_4095	13	14	11	8	13	13	12	13	14	11	14	10	11	12	14	11	10	13	12	10	9	9	10	10	10	12
DNA-Virus_4097	7	8	5	5	8	7	7	8	8	6	8	6	6	7	8	6	5	8	7	6	6	6	6	6	6	6
DNA-Virus_4319	6	5	6	0	5	5	6	5	6	5	7	5	0	6	5	5	5	5	6	6	0	0	0	0	0	5
DNA-Virus_4559	0	0	0	0	0	0	0	0	0	0	0	0	0	0	5	0	0	0	0	0	0	0	0	0	0	0
DNA-Virus_4716	5	6	5	0	6	6	5	6	6	5	6	0	0	5	6	0	0	5	5	5	0	0	0	0	0	5
DNA-Virus_4748	7	6	7	0	6	6	7	7	7	6	7	6	6	7	7	5	5	7	7	6	5	5	5	5	5	6
DNA-Virus_4842	0	5	0	0	0	0	0	0	0	0	0	0	0	0	0	0	0	0	0	0	0	0	0	0	0	0
DNA-Virus_4884	0	5	0	0	5	0	0	0	0	0	0	0	0	0	0	0	0	0	0	0	0	0	0	0	0	0
DNA-Virus_4995	6	5	5	0	6	5	5	6	6	5	6	5	0	5	6	0	0	6	5	5	0	0	0	5	0	5
DNA-Virus_520	7	8	6	5	7	8	5	7	7	6	7	5	0	6	8	5	0	7	6	5	0	5	5	5	5	6
DNA-Virus_5387	0	5	0	6	8	6	0	0	0	0	0	0	0	0	0	0	0	0	0	0	0	0	0	0	0	0
DNA-Virus_540	7	9	8	6	8	8	6	7	6	6	7	6	5	6	8	5	0	9	7	6	5	6	6	6	5	7
DNA-Virus_548	22	16	20	11	15	14	22	23	25	19	25	18	18	21	21	18	18	22	22	21	16	17	15	17	17	20
DNA-Virus_5911	11	8	7	8	6	6	15	10	10	9	15	9	10	8	7	6	6	8	7	9	8	7	8	7	8	11
DNA-Virus_5993	6	7	9	5	8	7	5	6	7	5	7	5	5	6	6	0	5	9	6	6	5	5	5	6	0	6
DNA-Virus_6044	6	6	6	0	0	0	6	6	7	5	6	5	5	6	6	5	5	6	5	5	5	0	5	5	5	6
DNA-Virus_6168	0	5	0	0	5	5	0	5	5	0	5	0	0	0	5	0	0	5	0	0	0	0	0	0	0	0
DNA-Virus_643	5	5	8	0	0	0	6	5	5	5	6	5	0	6	6	5	5	5	6	6	0	0	0	0	0	5
DNA-Virus_656	8	11	9	7	11	11	9	10	11	8	11	8	8	9	11	7	7	10	10	8	7	7	8	7	7	9
DNA-Virus_6560	13	14	11	9	14	13	12	13	14	12	15	10	11	12	15	11	10	13	12	11	9	9	11	10	10	12
DNA-Virus_6645	5	5	6	0	5	5	0	5	5	0	0	0	0	0	5	0	0	5	5	0	0	0	0	0	0	0
DNA-Virus_6682	20	21	17	14	19	18	18	23	24	18	24	17	15	18	23	14	13	22	21	17	15	17	16	18	16	19
DNA-Virus_672	6	6	5	0	5	6	6	5	6	5	6	5	5	5	6	0	5	6	5	5	0	5	0	5	5	5
DNA-Virus_6772	5	0	0	0	0	0	6	0	0	0	6	5	0	0	0	0	0	0	0	0	0	0	0	0	0	5
DNA-Virus_687	0	0	5	0	0	0	0	0	0	0	0	0	0	0	0	0	0	0	0	0	0	0	0	0	0	0
DNA-Virus_6939	5	0	0	0	0	0	5	5	6	0	5	0	0	0	5	0	0	0	5	0	0	0	0	0	0	0
DNA-Virus_7304	0	5	0	0	5	5	0	0	0	0	5	0	0	0	5	0	0	5	0	0	0	0	0	0	0	0
DNA-Virus_754	20	8	0	10	0	0	0	0	0	0	0	0	0	0	0	0	0	0	0	0	0	0	0	0	0	0
DNA-Virus_756	6	8	6	5	8	8	5	6	6	5	6	5	5	5	7	5	0	7	6	5	0	5	5	5	0	5
DNA-Virus_761	0	5	5	0	0	0	0	0	5	0	0	0	0	0	0	0	0	5	0	0	0	0	0	0	0	0
DNA-Virus_7928	7	5	6	0	0	0	7	7	7	6	8	6	6	7	7	5	6	6	7	7	5	5	5	5	5	7
DNA-Virus_8467	5	6	5	0	6	6	0	5	5	5	5	0	0	0	5	0	0	5	5	0	0	0	0	0	0	5
DNA-Virus_8530	0	0	5	0	0	0	0	0	5	0	0	0	0	0	5	0	0	5	0	0	0	0	0	0	0	0
DNA-Virus_882	7	7	6	5	7	7	6	7	7	6	7	6	6	7	8	6	5	7	7	6	5	6	5	5	5	6
DNA-Virus_904	0	5	5	0	5	5	0	5	5	0	5	0	0	0	5	0	0	5	0	0	0	0	0	0	0	0
DNA-Virus_9129	6	7	0	5	6	6	5	5	5	0	6	5	0	5	6	0	0	6	6	5	0	0	5	5	0	5
DNA-Virus_926	7	9	8	6	9	9	7	8	8	7	8	6	6	7	9	6	6	10	8	6	5	6	6	6	6	7
DNA-Virus_9281	0	5	0	0	5	5	0	0	0	0	0	0	0	0	0	0	0	0	0	0	0	0	0	0	0	0
DNA-Virus_9320	11	11	10	8	11	10	10	11	10	8	11	9	9	10	12	9	8	11	10	10	7	9	8	8	8	11
DNA-Virus_974	12	13	10	8	13	12	11	13	13	11	12	10	10	11	14	10	8	12	11	10	10	10	10	10	9	11
DNA-Virus_985	0	5	0	0	0	0	0	0	5	0	5	0	0	0	0	0	0	0	0	0	0	0	0	0	0	0
DNA-Virus_9930	21	21	18	29	24	24	22	18	21	17	24	17	17	18	20	17	14	15	17	17	15	15	15	14	16	21
DNA-Virus_843	4	4	5	0	0	0	6	0	5	0	7	5	4	6	4	5	6	5	6	5	0	0	0	0	4	0
DNA-Virus_3662	7	7	9	6	6	6	9	7	7	6	9	7	6	7	8	6	7	7	8	8	5	6	5	6	5	7
DNA-Virus_6819	0	4	0	5	5	5	0	0	0	0	0	0	0	0	0	0	0	0	0	0	0	0	0	0	0	0
DNA-Virus_8103	6	5	0	5	6	6	5	0	0	0	6	0	0	0	4	0	0	0	0	0	0	0	0	0	0	0
DNA-Virus_6572	7	13	6	11	8	8	8	7	9	8	8	11	7	8	8	6	10	9	28	6	5	5	10	9	6	7
DNA-Virus_2003	0	0	5	2	0	0	4	0	0	0	4	0	0	0	0	0	0	0	0	0	0	0	0	0	0	0
DNA-Virus_15338	0	0	0	0	0	0	0	0	0	0	4	0	0	0	0	0	0	0	0	0	0	0	0	0	0	0
DNA-Virus_5100	4	5	0	0	4	4	5	4	4	0	5	4	0	4	5	0	0	4	4	4	0	0	0	0	0	4
DNA-Virus_715	10	14	10	9	10	10	12	12	12	10	13	10	10	11	13	9	9	11	11	11	9	9	9	9	9	11
DNA-Virus_3769	13	10	9	10	10	9	13	13	14	11	15	11	10	10	12	9	9	11	12	12	9	10	9	9	10	12