Genomes	Unmanip_1	Unmanip_3	Unmanip_4	Unmanip_5	Unmanip_7	Unmanip_8	HM_1	HM_2	HM_3	HM_4	HM_5	HM_6	HM_7	HMM_1	HMM_2	HMM_3	HMM_5	HMM_6	HMM_7	HMM_8	LM_1	LM_2	LM_5	LM_6	LM_7	LM_8
DNA_Adenoviridae_like_336	36.00	52.20	37.30	50.10	52.60	51.10	37.90	38.50	42.80	32.30	43.40	30.50	28.90	32.00	41.20	24.10	24.00	36.40	33.10	29.90	30.00	27.60	29.00	29.20	29.10	38.30
DNA_Family_unknown_240	22.10	25.60	21.80	18.00	22.70	22.10	22.60	22.80	23.40	19.40	25.70	19.30	18.30	20.70	25.00	17.70	16.90	23.30	21.80	20.20	16.80	17.30	17.60	18.10	16.80	21.30
DNA_Peduoviridae_548	22.00	15.90	19.90	11.40	15.30	14.10	22.00	23.40	24.80	19.00	25.40	17.70	18.00	21.20	20.70	17.50	17.90	22.30	22.30	20.90	16.00	16.90	15.50	17.00	16.50	20.50
DNA_Family_unknown_9930	20.60	20.50	18.30	29.40	23.50	24.20	22.10	17.60	20.60	16.60	23.70	17.30	17.50	17.60	20.40	16.50	13.90	14.60	17.10	17.00	15.40	15.10	15.00	14.30	16.40	21.20
DNA_Peduoviridae_6682	20.30	20.60	17.10	14.10	19.50	17.90	17.80	23.10	23.70	17.90	23.60	16.60	15.30	17.70	22.70	14.30	13.40	21.70	20.90	17.30	14.70	16.60	16.10	17.90	15.70	18.80
DNA_Peduoviridae_3525	20.70	19.30	18.50	15.00	19.80	19.70	17.70	21.10	19.20	15.90	21.10	16.90	14.30	16.80	20.50	14.60	13.80	20.00	19.20	18.10	12.60	15.70	13.70	16.00	13.90	18.10
DNA_Peduoviridae_2089	17.00	13.60	15.50	9.20	11.90	11.30	17.30	18.40	19.10	14.70	20.00	14.40	13.90	16.30	16.40	13.10	13.30	16.40	17.50	16.40	12.50	13.00	12.70	13.30	13.10	16.10
DNA_Peduoviridae_259	14.00	17.70	17.10	14.60	17.10	16.90	13.80	15.80	14.70	12.50	15.90	11.30	10.60	13.70	15.50	11.90	13.20	17.30	14.90	12.50	10.50	11.50	11.10	12.00	10.50	14.30
DNA_Peduoviridae_2289	14.90	13.90	13.70	11.00	14.90	14.60	13.30	14.70	13.80	12.20	15.20	12.30	10.40	12.90	15.70	11.10	10.20	15.40	13.10	13.20	9.70	11.60	10.20	10.80	10.00	13.00
DNA_Family_unknown_1938	13.30	16.40	10.30	11.70	11.30	10.90	14.30	12.50	14.40	10.50	16.00	11.10	12.40	13.00	15.60	12.30	11.30	12.60	14.20	12.50	10.10	11.10	11.20	11.30	10.70	13.40
DNA_Peduoviridae_1480	14.10	14.30	13.20	10.40	13.90	14.30	12.80	14.70	13.90	11.60	14.90	11.90	9.90	11.90	15.80	10.70	9.90	15.10	13.40	13.10	9.20	11.30	10.30	10.50	9.80	12.90
DNA_Family_unknown_12234	14.00	12.70	13.00	10.40	14.20	13.60	13.30	13.80	13.60	11.60	15.20	12.00	10.60	12.40	15.60	10.10	9.80	15.10	13.00	13.50	9.10	11.20	9.90	10.70	10.10	13.20
DNA_Peduoviridae_2031	12.40	15.30	12.30	9.10	14.50	13.90	12.70	13.50	14.70	12.00	14.90	10.20	11.00	12.20	13.90	10.70	9.50	13.90	12.70	11.20	9.70	9.80	11.00	10.70	9.90	12.50
DNA_Peduoviridae_6560	12.50	13.60	11.40	8.60	13.90	13.10	12.10	13.10	14.20	11.70	14.50	10.00	11.40	11.90	14.70	10.90	9.60	13.20	11.80	10.60	9.00	8.90	10.60	9.90	10.20	12.20
DNA_Family_unknown_4095	12.50	13.50	11.30	8.10	13.40	12.90	11.60	13.20	14.10	10.90	14.40	9.60	10.80	11.70	13.60	10.60	9.60	13.20	12.20	10.20	9.10	9.00	9.60	9.70	9.50	11.70
DNA_Peduoviridae_974	12.10	13.10	9.80	8.00	12.70	11.60	10.80	12.60	12.90	11.40	12.50	9.70	9.80	11.10	13.80	9.50	8.10	11.90	11.00	10.10	9.50	9.60	9.90	9.80	9.20	10.80
DNA_Gracegardnervirinae_like_9320	10.90	10.80	10.30	8.10	10.50	10.40	10.50	11.20	10.10	8.50	10.80	9.10	8.50	9.90	11.70	8.60	7.70	11.40	10.40	10.10	7.10	8.60	8.00	8.50	7.90	10.50
DNA_Peduoviridae_10920	10.90	10.60	9.30	6.00	8.80	8.00	10.90	11.30	12.30	9.90	11.70	8.50	9.20	10.50	12.40	8.90	7.80	10.30	10.70	9.10	8.70	7.80	9.20	8.60	8.70	10.60
DNA_Peduoviridae_1239	10.10	11.00	9.60	8.00	10.10	10.70	9.00	10.80	10.10	8.40	10.70	8.30	7.20	8.50	11.40	7.20	6.10	10.50	9.70	8.30	7.10	8.40	7.40	7.90	7.30	8.90
DNA_Peduoviridae_656	8.40	11.00	8.70	6.70	11.20	10.60	9.00	10.30	10.80	8.40	10.70	7.50	8.20	8.80	10.60	7.50	7.10	10.30	9.60	7.90	7.30	6.90	7.60	7.30	7.40	8.70
DNA_Zobellviridae_5911	10.80	8.20	7.40	7.70	6.40	6.30	14.70	10.30	10.10	8.70	14.70	8.80	10.20	7.90	7.40	6.20	6.40	7.70	7.50	9.30	8.20	7.40	8.20	7.00	7.70	10.90
DNA_Inoviridae_like_1799	8.60	11.20	8.20	7.90	11.00	10.30	8.00	10.00	10.50	8.40	9.60	7.30	7.30	8.00	9.60	6.70	6.50	9.60	8.80	7.40	6.60	7.20	7.30	7.30	7.20	8.30
DNA_Peduoviridae_2115	9.20	9.00	8.50	7.40	9.30	9.40	8.90	9.70	8.70	7.70	9.90	8.20	6.70	8.40	9.80	7.10	6.40	10.20	8.80	9.10	6.00	7.60	7.40	7.00	6.60	8.40
DNA_Peduoviridae_1436	9.30	8.90	8.40	6.30	9.30	8.80	8.80	9.50	9.90	8.00	9.60	7.80	7.50	8.50	9.50	7.30	6.60	9.20	8.80	8.00	6.70	6.80	6.80	6.80	7.10	8.30
DNA_Family_unknown_1595	9.80	7.20	7.50	5.10	7.20	6.30	8.70	9.40	10.10	8.00	10.90	7.90	8.00	8.30	8.60	6.90	7.00	8.80	8.90	9.00	5.90	6.40	7.00	7.70	6.50	9.50
DNA_Peduoviridae_1494	8.40	9.20	7.50	7.00	9.30	8.90	8.20	8.80	8.80	7.30	9.20	7.20	6.70	7.50	8.90	6.40	6.40	8.60	7.70	7.80	5.80	6.40	6.10	6.40	6.20	7.80
DNA_Inoviridae_like_926	7.40	9.50	8.00	6.40	9.40	9.00	6.70	8.10	8.30	7.30	8.30	5.80	6.00	7.20	8.80	6.00	5.60	9.80	8.10	6.40	5.10	5.90	6.50	6.10	6.10	7.30
DNA_Peduoviridae_2941	7.90	7.80	6.80	5.40	7.70	7.20	7.40	9.10	9.30	7.10	8.80	6.70	6.20	7.30	8.20	5.80	5.70	8.20	7.90	6.90	6.00	6.40	6.00	6.70	6.20	7.60
DNA_Peduoviridae_1431	7.40	8.00	7.00	5.60	7.20	7.20	7.00	8.40	8.60	6.60	8.40	6.60	6.00	7.10	8.60	5.90	5.30	8.60	7.00	6.40	5.70	6.40	5.50	5.90	5.90	6.50
DNA_Peduoviridae_1222	7.20	9.00	6.00	5.20	8.20	7.30	6.90	7.70	8.40	6.70	7.80	6.20	6.10	7.00	8.40	5.80	5.80	8.80	7.40	6.20	5.60	5.70	6.90	6.50	5.80	6.80
DNA_Family_unknown_10326	6.30	8.50	6.20	4.70	4.90	4.80	7.80	7.70	8.90	6.20	8.70	6.50	5.80	7.40	9.60	6.50	5.30	7.00	7.40	6.30	6.20	5.20	5.90	5.30	6.00	6.10
DNA_Peduoviridae_4097	6.80	8.30	5.40	5.00	7.50	6.90	6.60	7.80	7.80	6.40	7.80	5.60	5.80	6.60	8.40	5.60	4.70	7.80	7.20	6.00	5.50	5.80	6.00	5.70	5.60	6.10
DNA_Peduoviridae_3109	7.20	6.50	6.90	4.80	6.70	6.10	7.50	7.10	7.70	6.10	8.40	6.50	6.20	6.90	6.80	5.70	5.70	6.80	7.10	7.10	5.50	5.40	5.30	5.40	5.60	6.90
DNA_Peduoviridae_2831	6.90	7.90	7.40	5.40	6.90	6.70	6.20	7.70	7.40	6.40	7.60	5.90	5.00	6.00	7.90	4.80	4.60	8.40	7.10	6.40	5.00	5.80	5.60	6.30	5.10	6.10
DNA_Peduoviridae_4021	7.40	7.10	12.00	0.00	4.70	0.00	8.60	6.10	7.00	5.90	8.80	7.20	5.90	8.00	8.80	6.00	6.20	7.00	8.40	7.40	5.50	5.40	5.60	5.60	5.60	6.30
DNA_Peduoviridae_540	6.80	8.60	7.80	6.00	7.70	8.50	6.00	7.20	6.20	5.80	7.10	5.80	4.90	6.10	8.50	5.20	0.00	8.80	7.00	6.10	4.60	6.00	5.80	5.90	4.70	6.50
DNA_Peduoviridae_882	7.00	7.10	6.50	4.70	7.30	6.60	6.10	7.00	7.50	6.30	6.90	5.60	5.70	6.50	7.60	5.50	4.70	7.00	6.50	5.70	5.40	5.60	5.40	5.40	5.20	6.30
DNA_Peduoviridae_1709	6.40	8.00	6.70	5.80	8.90	8.20	5.90	6.80	7.00	5.90	7.00	5.50	5.20	5.80	6.80	5.30	4.60	7.10	6.50	5.80	4.50	5.00	5.20	5.30	4.80	5.80
DNA_Schitoviridae_4748	7.00	6.40	6.60	0.00	6.20	5.90	6.60	7.30	7.20	5.60	7.50	5.70	5.60	6.50	6.90	5.40	5.10	6.90	6.60	5.90	5.00	5.40	5.40	5.40	5.30	6.50
DNA_Peduoviridae_2469	6.00	7.50	7.80	0.00	7.50	6.80	5.60	7.40	6.90	5.80	7.20	5.60	5.20	5.40	7.20	4.90	5.30	7.90	6.20	6.10	4.70	5.40	4.90	5.40	5.30	5.30
DNA_Peduoviridae_1479	6.50	8.30	4.90	5.00	7.10	6.00	5.90	7.00	7.60	6.30	7.10	5.50	5.10	6.00	7.90	4.90	0.00	7.40	6.80	5.40	4.90	5.00	6.00	5.70	4.90	5.70
DNA_Peduoviridae_1558	6.40	6.00	8.00	0.00	4.60	0.00	7.60	5.80	6.80	5.50	8.00	6.50	5.80	6.80	7.60	5.60	5.40	6.00	7.00	6.30	5.50	4.90	5.10	5.00	5.40	6.00
DNA_Peduoviridae_5993	5.90	7.40	9.20	5.00	7.60	6.60	5.40	6.50	6.80	5.00	6.80	5.10	4.50	5.60	6.30	0.00	5.10	8.80	6.20	6.10	4.60	5.00	4.70	5.50	0.00	5.80
DNA_Peduoviridae_7928	6.90	4.70	6.00	0.00	0.00	0.00	6.80	7.20	7.40	5.70	7.60	6.30	6.00	7.10	6.80	5.30	5.50	6.40	7.20	6.60	4.90	4.90	5.00	5.00	5.00	6.60
DNA_Peduoviridae_520	6.60	8.10	6.10	5.40	7.30	7.80	5.30	7.20	6.60	5.60	6.60	4.50	0.00	6.00	7.70	4.80	0.00	7.50	6.00	5.20	0.00	5.30	4.60	5.30	4.60	5.90
DNA_Peduoviridae_1854	6.70	7.90	7.00	5.70	6.80	7.30	4.80	7.10	5.90	5.10	6.20	5.20	0.00	5.70	7.80	4.60	0.00	8.40	5.90	5.30	0.00	5.70	5.30	5.20	0.00	5.50
DNA_Peduoviridae_756	6.00	8.00	6.10	5.10	7.70	7.60	5.30	6.50	6.20	5.30	5.90	5.20	5.00	5.20	6.60	4.70	0.00	7.00	5.90	5.00	0.00	4.90	5.10	4.70	0.00	5.30
DNA_Family_unknown_32143	4.70	6.00	6.50	4.80	5.50	5.90	6.80	6.80	6.20	5.50	8.40	4.70	0.00	6.70	7.30	4.70	5.60	6.60	7.50	6.30	0.00	0.00	0.00	5.10	4.90	5.90
DNA_Peduoviridae_1518	5.80	7.00	5.20	4.50	5.90	6.00	5.20	6.40	6.10	5.40	6.30	4.70	4.60	5.20	6.80	4.50	0.00	6.40	5.80	5.00	4.60	5.00	0.00	4.80	4.50	5.30
DNA_Adenoviridae_like_1560	6.00	7.10	4.90	5.00	6.10	6.10	5.60	6.50	6.60	4.80	6.60	4.60	4.60	5.30	6.60	0.00	0.00	6.20	5.50	5.00	0.00	4.60	4.80	4.70	4.60	5.20
DNA_Family_unknown_6044	5.70	6.00	6.20	0.00	0.00	0.00	5.80	6.00	6.80	4.60	6.00	4.70	5.10	6.20	6.20	5.20	4.60	5.70	5.40	5.30	4.80	0.00	5.30	4.60	5.00	6.20
DNA_Family_unknown_1668	5.90	7.30	6.20	6.30	6.70	6.60	5.50	5.50	6.90	5.00	6.20	4.70	4.60	5.20	6.40	0.00	0.00	5.70	5.90	4.80	0.00	0.00	4.70	4.60	0.00	5.60
DNA_Family_unknown_2254	5.10	6.70	0.00	4.90	5.20	5.50	6.30	5.90	7.00	5.50	6.60	5.00	5.10	5.10	6.40	4.60	0.00	4.80	5.40	4.80	4.90	0.00	0.00	0.00	4.90	6.30
DNA_Family_unknown_672	5.90	5.90	4.90	0.00	5.10	5.60	5.90	5.50	6.00	5.00	6.20	4.90	4.80	5.00	5.80	0.00	4.50	5.50	5.40	5.30	0.00	4.70	0.00	4.60	4.50	5.10
DNA_Arenaviridae_like_109	5.60	6.10	5.40	4.80	6.60	6.40	5.40	6.30	6.10	4.90	6.70	4.80	0.00	4.70	6.20	0.00	0.00	5.60	5.30	4.90	0.00	4.70	0.00	0.00	0.00	5.20
DNA_Peduoviridae_1703	5.70	6.00	5.30	4.90	6.40	6.00	5.40	5.80	5.80	4.90	6.20	4.60	4.60	5.10	5.40	0.00	0.00	6.10	5.10	5.20	0.00	0.00	0.00	0.00	0.00	5.20
DNA_Peduoviridae_4319	5.70	5.50	5.70	0.00	5.00	4.60	6.00	5.40	6.30	5.00	7.00	5.30	0.00	6.00	5.40	4.70	4.60	4.90	5.80	5.80	0.00	0.00	0.00	0.00	0.00	5.50
DNA_Peduoviridae_2180	5.40	5.00	8.50	0.00	0.00	0.00	6.20	4.80	5.70	4.60	6.50	5.10	4.70	5.80	6.40	4.80	4.80	5.50	5.80	5.30	0.00	0.00	0.00	0.00	0.00	5.00
DNA_Adenoviridae_like_1699	5.70	5.10	5.20	0.00	0.00	0.00	5.60	5.50	6.60	5.10	6.30	4.90	5.10	5.60	5.80	4.60	0.00	5.00	5.20	5.00	0.00	4.70	0.00	0.00	0.00	5.30
DNA_Peduoviridae_4995	5.70	5.50	5.10	0.00	5.60	4.90	5.30	5.80	6.00	5.20	5.90	4.50	0.00	4.90	6.00	0.00	0.00	6.00	5.00	5.00	0.00	0.00	0.00	4.60	0.00	5.00
DNA_Family_unknown_9129	5.60	6.50	0.00	4.80	6.20	5.70	5.00	5.10	5.30	0.00	5.90	4.50	0.00	5.40	5.80	0.00	0.00	5.90	5.60	4.60	0.00	0.00	4.80	4.60	0.00	4.80
DNA_Peduoviridae_3971	5.10	5.70	6.60	0.00	6.20	5.50	4.60	6.00	5.80	4.70	5.60	0.00	0.00	4.70	5.90	0.00	0.00	6.20	5.40	4.70	0.00	0.00	0.00	4.50	0.00	4.70
DNA_Peduoviridae_643	5.10	5.00	7.60	0.00	0.00	0.00	6.10	4.80	5.50	4.50	6.30	5.00	0.00	5.80	6.20	4.60	4.70	4.80	5.70	5.60	0.00	0.00	0.00	0.00	0.00	4.70
DNA_Peduoviridae_2123	5.30	6.30	4.90	0.00	5.40	5.30	5.10	6.10	5.70	4.90	6.10	0.00	0.00	4.70	6.00	0.00	0.00	6.00	5.40	4.70	0.00	0.00	4.50	0.00	0.00	4.80
DNA_Autographiviridae_3866	0.00	0.00	0.00	0.00	0.00	0.00	5.50	0.00	6.30	0.00	0.00	0.00	0.00	6.20	12.70	5.80	7.30	5.50	10.30	5.30	0.00	4.60	4.80	5.20	4.70	6.60
DNA_Family_unknown_4716	4.60	6.10	5.30	0.00	6.30	6.40	5.00	5.90	6.10	4.60	5.60	0.00	0.00	5.00	6.10	0.00	0.00	5.20	5.40	4.50	0.00	0.00	0.00	0.00	0.00	4.90
DNA_Peduoviridae_1246	5.20	6.30	5.00	0.00	6.50	6.40	4.90	5.40	5.40	4.70	5.90	0.00	0.00	4.80	5.60	0.00	0.00	5.70	4.90	4.50	0.00	0.00	0.00	0.00	0.00	4.90
DNA_Family_unknown_3186	5.50	6.10	5.80	0.00	5.80	5.60	4.70	5.10	4.90	4.60	5.60	0.00	0.00	4.60	6.10	0.00	0.00	6.10	5.00	0.00	0.00	0.00	4.70	0.00	0.00	5.20
DNA_Family_unknown_1908	5.30	6.30	7.20	0.00	7.10	5.60	5.00	5.70	6.00	0.00	5.20	0.00	0.00	0.00	5.40	0.00	0.00	6.60	5.50	5.80	0.00	0.00	0.00	0.00	0.00	4.80
DNA_Zobellviridae_2970	5.00	0.00	5.20	0.00	0.00	0.00	6.60	0.00	4.90	0.00	7.40	4.60	4.60	5.60	4.90	4.70	5.90	4.50	5.70	6.30	0.00	0.00	0.00	0.00	0.00	5.10
DNA_Queuovirinae_2756	6.20	0.00	4.50	0.00	0.00	0.00	8.30	0.00	0.00	0.00	8.00	4.80	4.60	5.20	0.00	5.20	7.90	0.00	5.40	7.30	0.00	0.00	0.00	0.00	0.00	5.30
DNA_Family_unknown_8467	5.20	6.00	5.40	0.00	6.40	5.90	0.00	5.30	5.50	4.50	5.10	0.00	0.00	0.00	5.40	0.00	0.00	5.50	5.00	0.00	0.00	0.00	0.00	0.00	0.00	4.60
DNA_Family_unknown_6645	4.50	5.30	5.80	0.00	5.10	5.10	0.00	4.50	4.70	0.00	0.00	0.00	0.00	0.00	4.90	0.00	0.00	5.20	5.00	0.00	0.00	0.00	0.00	0.00	0.00	0.00
DNA_Family_unknown_904	0.00	4.80	5.20	0.00	4.90	4.70	0.00	5.00	5.10	0.00	5.20	0.00	0.00	0.00	5.00	0.00	0.00	5.50	0.00	0.00	0.00	0.00	0.00	0.00	0.00	0.00
DNA_Peduoviridae_2006	4.80	5.10	0.00	0.00	5.30	4.80	0.00	5.30	4.80	0.00	4.80	0.00	0.00	0.00	4.60	0.00	0.00	4.60	0.00	0.00	0.00	0.00	0.00	0.00	0.00	0.00
DNA_Deejayvirinae_1078	0.00	4.60	0.00	0.00	0.00	0.00	4.70	4.70	5.00	0.00	5.50	0.00	0.00	4.60	5.50	0.00	0.00	4.80	4.80	0.00	0.00	0.00	0.00	0.00	0.00	0.00
DNA_Peduoviridae_1317	0.00	5.80	0.00	0.00	5.90	5.60	0.00	4.70	4.60	0.00	5.20	0.00	0.00	0.00	4.80	0.00	0.00	4.60	0.00	0.00	0.00	0.00	0.00	0.00	0.00	0.00
DNA_Peduoviridae_6168	0.00	4.80	0.00	0.00	5.00	4.60	0.00	5.10	4.80	0.00	4.90	0.00	0.00	0.00	4.80	0.00	0.00	5.00	0.00	0.00	0.00	0.00	0.00	0.00	0.00	0.00
DNA_Family_unknown_2924	0.00	0.00	0.00	5.80	0.00	4.60	0.00	0.00	0.00	0.00	0.00	0.00	0.00	0.00	30.70	0.00	0.00	0.00	0.00	0.00	0.00	0.00	0.00	0.00	0.00	0.00
DNA_Family_unknown_6939	4.50	0.00	0.00	0.00	0.00	0.00	4.60	4.70	5.60	0.00	5.20	0.00	0.00	0.00	4.60	0.00	0.00	0.00	4.90	0.00	0.00	0.00	0.00	0.00	0.00	0.00
DNA_Adenoviridae_like_754	20.20	7.80	0.00	10.40	0.00	0.00	0.00	0.00	0.00	0.00	0.00	0.00	0.00	0.00	0.00	0.00	0.00	0.00	0.00	0.00	0.00	0.00	0.00	0.00	0.00	0.00
DNA_Gladiatorvirus_10453	0.00	0.00	4.80	0.00	0.00	0.00	0.00	4.80	4.50	0.00	4.50	0.00	0.00	4.70	4.60	0.00	0.00	0.00	4.70	0.00	0.00	0.00	0.00	0.00	0.00	0.00
DNA_Family_unknown_21029	0.00	4.80	0.00	0.00	0.00	0.00	0.00	5.00	5.90	0.00	0.00	0.00	0.00	0.00	5.70	0.00	0.00	4.50	0.00	0.00	0.00	0.00	0.00	0.00	0.00	4.70
DNA_Peduoviridae_7304	0.00	5.40	0.00	0.00	4.60	5.10	0.00	0.00	0.00	0.00	5.00	0.00	0.00	0.00	5.10	0.00	0.00	4.90	0.00	0.00	0.00	0.00	0.00	0.00	0.00	0.00
DNA_Inoviridae_like_3078	4.60	5.00	0.00	0.00	0.00	0.00	4.60	0.00	4.70	0.00	5.40	0.00	0.00	0.00	5.20	0.00	0.00	0.00	0.00	0.00	0.00	0.00	0.00	0.00	0.00	0.00
DNA_Peduoviridae_1997	0.00	4.80	0.00	0.00	0.00	0.00	0.00	4.90	5.00	0.00	5.10	0.00	0.00	0.00	4.80	0.00	0.00	4.50	0.00	0.00	0.00	0.00	0.00	0.00	0.00	0.00
DNA_Demerecviridae_279	0.00	0.00	0.00	0.00	0.00	0.00	5.50	0.00	0.00	0.00	4.60	0.00	0.00	4.70	0.00	0.00	6.70	0.00	5.30	5.40	0.00	0.00	0.00	0.00	0.00	0.00
DNA_Peduoviridae_6772	5.10	0.00	0.00	0.00	0.00	0.00	5.60	0.00	0.00	0.00	5.70	4.60	0.00	0.00	0.00	0.00	0.00	0.00	0.00	0.00	0.00	0.00	0.00	0.00	0.00	4.60
DNA_Peduoviridae_1643	0.00	5.20	0.00	0.00	5.20	5.30	0.00	4.60	0.00	0.00	0.00	0.00	0.00	0.00	4.70	0.00	0.00	0.00	0.00	0.00	0.00	0.00	0.00	0.00	0.00	0.00
DNA_Inoviridae_like_3211	0.00	4.70	4.50	0.00	0.00	4.80	0.00	4.50	0.00	0.00	0.00	0.00	0.00	0.00	4.60	0.00	0.00	0.00	0.00	0.00	0.00	0.00	0.00	0.00	0.00	0.00
DNA_Casadabanvirus_like_5387	0.00	5.10	0.00	6.00	7.60	5.80	0.00	0.00	0.00	0.00	0.00	0.00	0.00	0.00	0.00	0.00	0.00	0.00	0.00	0.00	0.00	0.00	0.00	0.00	0.00	0.00
DNA_Peduoviridae_761	0.00	4.70	4.60	0.00	0.00	0.00	0.00	0.00	4.90	0.00	0.00	0.00	0.00	0.00	0.00	0.00	0.00	4.90	0.00	0.00	0.00	0.00	0.00	0.00	0.00	0.00
DNA_Family_unknown_2265	0.00	4.80	0.00	0.00	0.00	0.00	0.00	0.00	0.00	0.00	5.20	0.00	0.00	0.00	5.10	0.00	0.00	0.00	0.00	0.00	0.00	0.00	0.00	0.00	0.00	0.00
DNA_Peduoviridae_8530	0.00	0.00	4.70	0.00	0.00	0.00	0.00	0.00	4.50	0.00	0.00	0.00	0.00	0.00	4.70	0.00	0.00	5.10	0.00	0.00	0.00	0.00	0.00	0.00	0.00	0.00
DNA_Peduoviridae_10392	0.00	0.00	4.80	0.00	0.00	0.00	0.00	0.00	0.00	0.00	0.00	0.00	0.00	0.00	4.70	0.00	0.00	4.60	0.00	0.00	0.00	0.00	0.00	0.00	0.00	0.00
DNA_Peduoviridae_2737	0.00	5.40	0.00	0.00	5.50	5.70	0.00	0.00	0.00	0.00	0.00	0.00	0.00	0.00	0.00	0.00	0.00	0.00	0.00	0.00	0.00	0.00	0.00	0.00	0.00	0.00
DNA_Queuovirinae_32124	0.00	0.00	0.00	0.00	0.00	0.00	0.00	0.00	0.00	0.00	0.00	0.00	0.00	14.80	0.00	0.00	0.00	0.00	0.00	0.00	0.00	0.00	0.00	0.00	0.00	0.00
DNA_Inoviridae_like_9281	0.00	4.60	0.00	0.00	5.40	4.60	0.00	0.00	0.00	0.00	0.00	0.00	0.00	0.00	0.00	0.00	0.00	0.00	0.00	0.00	0.00	0.00	0.00	0.00	0.00	0.00
DNA_Peduoviridae_985	0.00	4.90	0.00	0.00	0.00	0.00	0.00	0.00	4.60	0.00	4.60	0.00	0.00	0.00	0.00	0.00	0.00	0.00	0.00	0.00	0.00	0.00	0.00	0.00	0.00	0.00
DNA_Peduoviridae_1005	0.00	4.60	0.00	0.00	4.70	0.00	0.00	0.00	0.00	0.00	4.60	0.00	0.00	0.00	0.00	0.00	0.00	0.00	0.00	0.00	0.00	0.00	0.00	0.00	0.00	0.00
DNA_Adenoviridae_like_1238	0.00	0.00	0.00	0.00	0.00	0.00	0.00	0.00	0.00	0.00	4.70	0.00	0.00	0.00	0.00	0.00	0.00	0.00	4.60	0.00	0.00	0.00	0.00	0.00	0.00	0.00
DNA_Peduoviridae_2636	0.00	0.00	0.00	0.00	0.00	0.00	0.00	0.00	4.70	0.00	4.60	0.00	0.00	0.00	4.50	0.00	0.00	0.00	0.00	0.00	0.00	0.00	0.00	0.00	0.00	0.00
DNA_Bronfenbrennervirinae_1503	0.00	0.00	0.00	0.00	0.00	0.00	0.00	0.00	5.10	0.00	4.70	0.00	0.00	0.00	0.00	0.00	0.00	0.00	0.00	0.00	0.00	0.00	0.00	0.00	0.00	0.00
DNA_Family_unknown_20296	0.00	0.00	0.00	0.00	0.00	0.00	4.90	0.00	0.00	0.00	0.00	0.00	0.00	4.80	0.00	0.00	0.00	0.00	0.00	0.00	0.00	0.00	0.00	0.00	0.00	0.00
DNA_Guernseyvirinae_4884	0.00	4.60	0.00	0.00	4.70	0.00	0.00	0.00	0.00	0.00	0.00	0.00	0.00	0.00	0.00	0.00	0.00	0.00	0.00	0.00	0.00	0.00	0.00	0.00	0.00	0.00
DNA_Steigviridae_687	0.00	0.00	5.20	0.00	0.00	0.00	0.00	0.00	0.00	0.00	0.00	0.00	0.00	0.00	0.00	0.00	0.00	0.00	0.00	0.00	0.00	0.00	0.00	0.00	0.00	0.00
DNA_Peduoviridae_4842	0.00	4.60	0.00	0.00	0.00	0.00	0.00	0.00	0.00	0.00	0.00	0.00	0.00	0.00	0.00	0.00	0.00	0.00	0.00	0.00	0.00	0.00	0.00	0.00	0.00	0.00
DNA_Fiersviridae_4559	0.00	0.00	0.00	0.00	0.00	0.00	0.00	0.00	0.00	0.00	0.00	0.00	0.00	0.00	4.60	0.00	0.00	0.00	0.00	0.00	0.00	0.00	0.00	0.00	0.00	0.00
DNA_Peduoviridae_108	0.00	4.60	0.00	0.00	0.00	0.00	0.00	0.00	0.00	0.00	0.00	0.00	0.00	0.00	0.00	0.00	0.00	0.00	0.00	0.00	0.00	0.00	0.00	0.00	0.00	0.00
DNA_Herelleviridae_843	4.40	3.70	5.30	0.00	0.00	0.00	5.80	0.00	5.20	0.00	6.70	4.90	4.00	5.50	4.40	5.40	5.90	5.00	5.60	5.50	0.00	0.00	0.00	0.00	4.20	0.00
DNA_Myoviridae_3662	7.30	6.80	9.40	5.60	6.10	5.70	8.70	6.70	7.00	5.70	9.30	6.70	5.60	7.20	8.10	6.20	6.80	7.20	7.50	8.00	5.10	5.50	5.30	5.80	5.20	7.20
DNA_Siphoviridae_6819	0.00	4.40	0.00	4.70	5.00	5.00	0.00	0.00	0.00	0.00	0.00	0.00	0.00	0.00	0.00	0.00	0.00	0.00	0.00	0.00	0.00	0.00	0.00	0.00	0.00	0.00
DNA_Podoviridae_8103	5.60	5.10	0.00	5.20	5.80	6.00	4.80	0.00	0.00	0.00	5.50	0.00	0.00	0.00	4.20	0.00	0.00	0.00	0.00	0.00	0.00	0.00	0.00	0.00	0.00	0.00
DNA_Family_unknown_6572	6.80	12.70	6.40	11.10	8.40	8.20	8.20	6.50	9.30	7.70	7.50	10.80	6.90	8.10	8.40	6.40	10.50	8.90	28.40	6.30	5.20	4.60	9.50	9.20	5.50	7.40
DNA_Podoviridae_2003	0.00	0.00	4.60	1.90	0.00	0.00	4.10	0.00	0.00	0.00	4.20	0.00	0.00	0.00	0.00	0.00	0.00	0.00	0.00	0.00	0.00	0.00	0.00	0.00	0.00	0.00
DNA_Siphoviridae_15338	0.00	0.00	0.00	0.00	0.00	0.00	0.00	0.00	0.00	0.00	4.10	0.00	0.00	0.00	0.00	0.00	0.00	0.00	0.00	0.00	0.00	0.00	0.00	0.00	0.00	0.00
DNA_Myoviridae_5100	4.20	4.80	0.00	0.00	4.50	4.00	4.60	4.20	4.30	0.00	5.40	4.30	0.00	4.20	5.00	0.00	0.00	4.30	4.40	4.40	0.00	0.00	0.00	0.00	0.00	4.10
DNA_Siphoviridae_715	10.20	13.70	10.20	9.10	9.70	9.60	12.00	12.20	12.20	9.60	13.40	10.00	9.90	11.30	13.00	9.10	8.70	10.80	11.20	10.70	8.90	8.70	8.50	9.20	9.40	10.70
DNA_Siphoviridae_3769	13.00	10.40	9.20	10.00	10.20	8.80	12.60	13.40	14.00	10.60	15.20	10.80	9.50	10.30	11.70	9.20	8.80	11.40	12.20	12.00	8.80	10.40	9.50	9.50	9.90	11.70